# this is our data file
#
# there are 6 columns and 1000 rows
#
# maybe the variables are
# A B C D E F
1.1044 -1.1946 0.70307 3.3277 1.9518 0.61395
0.7092 2.2438 0.45207 2.2912 3.1459 0.59063
0.27192 -0.48689 0.7733 2.4382 5.8798 0.0084606
0.4937 0.39246 0.39457 2.4942 4.3528 0.54757
0.58654 0.17223 0.38412 2.2922 1.7707 0.9508
0.88008 2.7497 0.29817 3.0781 3.456 0.35784
0.63287 0.20307 0.14511 3.5003 5.6831 0.86792
0.39803 -2.8438 0.66937 3.058 2.7084 0.55542
0.55448 -1.1572 0.65309 2.1875 2.9686 0.28235
0.20861 4.4429 0.95393 2.9582 3.7884 0.81341
0.51399 3.6337 0.017943 3.279 3.3352 0.39255
0.20533 1.7541 0.7434 2.7391 2.7222 0.49262
0.51712 4.6099 0.84718 2.6416 4.1234 0.24815
0.86235 0.72119 0.026256 2.32 2.7982 0.82989
0.29628 3.6909 0.45583 2.9391 5.2112 0.97868
0.38299 -2.1272 0.10543 3.0427 1.805 0.28028
0.69126 -0.98919 0.7819 3.0781 4.9191 0.43685
0.26226 1.0575 0.49023 2.5123 1.9969 0.62382
0.67309 -0.81226 0.94345 3.1491 5.3477 0.77053
0.085462 1.052 0.88233 2.4305 4.1769 0.32488
0.14052 0.10244 0.81564 2.957 1.7515 0.8461
#
# random comment in the middle
#
0.55354 -0.46744 0.89353 2.2806 4.0578 0.77468
0.59119 0.65485 0.67644 3.1563 5.8552 0.51034
0.66123 0.44262 0.27502 2.2645 5.461 0.7198
0.67746 -0.62303 0.74805 3.3337 4.9056 0.5395
1.0297 1.2414 0.43834 2.2335 4.3192 0.5126
0.84119 -0.94096 0.3757 3.3304 2.2439 0.99719
0.44032 1.6685 0.4722 3.1758 3.8379 0.48867
0.74028 1.1987 0.50831 2.4309 2.7523 0.65637
-0.014135 4.9441 0.1624 2.3668 5.0778 0.8401
0.41735 0.99762 0.048099 2.1391 2.9637 0.88029
0.61176 3.9 0.34645 2.4078 5.2997 0.48664
0.80586 3.3862 0.16996 2.3476 2.9234 0.86165
0.38017 1.6748 0.45847 2.1832 2.2226 0.47382
0.46609 -2.3831 0.36142 3.3966 5.4167 0.51285
0.44674 -1.4982 0.63824 2.2003 5.9718 0.4633
0.3203 3.742 0.76001 2.3487 4.4664 0.057565
0.14583 1.9707 0.23447 2.2968 4.6438 0.47625
0.23763 -2.2152 0.15025 2.6042 3.3471 0.39927
1.0356 0.91692 0.12205 2.6689 6.0626 0.69129
0.53874 0.81305 0.56108 2.3762 1.9507 0.49806
0.62583 0.26387 0.14703 3.0065 1.7936 0.48835
0.58248 -3.2439 0.54585 3.3599 5.3642 0.071642
0.52285 4.6433 0.044963 2.3409 5.4722 0.49615
0.25062 1.3151 0.27076 3.0574 4.0879 0.35699
0.52262 1.8646 0.31222 3.3042 1.6854 0.6864
0.44273 -1.5064 0.19905 2.3087 3.6496 0.36939
0.60462 1.7026 0.76801 3.2387 4.9347 0.097725
0.2108 0.082738 0.51711 2.4112 2.5985 0.49468
0.72062 -0.74316 0.060982 3.1931 2.5718 0.5263
0.54333 1.532 0.7762 2.1328 4.5303 0.087616
#
# comment at the end of the line
#
0.23373 -0.14105 0.27657 2.318 3.4236 0.66611 # comment at the end
0.40958 -0.39691 0.57666 2.9894 4.6658 0.20288
0.22698 1.9912 0.63523 3.2008 1.7496 0.5884
0.24734 3.0109 0.75156 3.0518 3.8861 0.63397
0.53417 0.90611 0.53566 2.4617 2.867 0.60867
0.29285 1.572 0.17918 3.1536 5.1163 0.98826
0.48587 -1.5772 0.19164 2.0396 6.2043 0.55387
0.57735 -0.69238 0.9142 2.6911 1.6074 0.51462
0.66463 -0.87386 0.025814 3.0737 5.1955 0.25515
0.58178 1.3052 0.17293 2.4601 3.0741 0.84934
0.39831 3.995 0.76603 3.3878 3.7803 0.72444
0.50128 0.063842 0.49952 2.129 3.8228 0.0039704
0.82194 0.097467 0.050585 2.5364 3.5918 0.45698
0.47055 -0.42375 0.22069 2.4667 4.1938 0.23576
0.13663 3.405 0.31995 1.9451 6.2209 0.48447
0.87493 -0.72327 0.50146 2.4985 3.0309 0.514
0.85277 1.7551 0.88564 2.5182 4.9447 0.2585
0.29326 0.89862 0.77415 3.0382 3.7342 0.41486
0.74904 -0.33541 0.78656 3.2832 3.4842 0.57126
0.48646 0.15265 0.67466 3.375 5.5604 0.67492
0.69837 1.9927 0.65213 3.2255 3.271 0.42101
0.68848 7.6049 0.95552 3.0438 5.5532 0.65944
0.07993 -0.24858 0.30942 3.1241 5.4679 0.40265
0.58828 -0.61693 0.20479 2.8567 4.3417 0.44307
0.2526 2.4063 0.21372 2.9213 2.7241 0.08948
0.55209 2.1952 0.93066 2.4578 3.5746 0.98169
0.34479 3.4096 0.10424 2.4649 5.1371 0.12883
-0.059487 4.2014 0.32902 2.9789 5.1547 0.4858
0.95558 1.3099 0.62031 1.9989 3.9769 0.74929
0.23114 1.0294 0.47187 2.3778 3.7086 0.4804
0.71252 1.5941 0.71216 2.6547 4.0308 0.39628
0.76609 0.95624 0.60051 2.406 2.0841 0.20949
0.68256 2.6542 0.29127 2.3508 2.376 0.42245
0.43243 1.8589 0.90943 2.5815 3.5611 0.58904
0.055159 2.0572 0.50167 2.2952 5.9253 0.54777
0.48709 5.1501 0.8282 2.3536 3.0869 0.45682
0.39808 5.5831 0.84703 2.7692 2.3402 0.29091
0.68566 1.393 0.45916 3.2641 3.6598 0.30341
0.25564 1.3571 0.89404 2.9004 5.105 0.065119
0.55061 -2.3289 0.43494 2.2011 3.7546 0.24751
0.76844 1.8141 0.65948 3.4037 4.4095 0.89587
0.25048 2.5711 0.79313 3.0786 3.5727 0.41781
0.91303 1.1718 0.70197 2.019 5.0317 0.78137
0.36172 0.53941 0.15638 2.4818 2.3656 0.19305
0.9275 -1.8962 0.094281 3.1366 3.6124 0.49508
0.76263 1.2591 0.70753 3.2461 5.1079 0.54829
0.72883 0.3241 0.76524 2.1952 5.926 0.85078
1.1315 2.4521 0.57078 1.9933 1.8983 0.90714
0.40845 -3.5427 0.76625 2.3756 4.2698 0.19113
0.81656 0.76074 0.521 3.2388 2.3172 0.58139
0.016152 -1.0682 0.2673 3.0975 5.552 0.40814
-0.040978 -2.3286 0.76289 2.8432 3.5279 0.21646
0.41528 2.2845 0.031057 2.4949 1.8827 0.32135
0.29901 -0.69493 0.46322 3.3453 1.6279 0.3856
0.30714 0.4416 0.84452 2.2036 4.4274 0.93711
0.26961 -1.7309 0.2892 2.5784 4.9835 0.14097
0.77077 -1.0299 0.65393 2.8856 4.7432 0.38922
0.14931 0.94733 0.45978 3.053 4.7151 0.94981
0.11079 1.9536 0.031181 2.7348 2.5453 0.287
0.032338 -0.58155 0.29306 2.61 6.2749 0.40358
0.87143 -1.3279 0.63223 2.7947 5.1772 0.32313
0.22699 4.5041 0.83144 2.7077 1.6567 0.67559
0.57698 -2.9157 0.51273 2.4995 2.0093 0.6885
0.73026 3.8764 0.20304 2.9464 5.4056 0.45461
0.24122 0.032652 0.0058705 2.8704 5.7573 0.75927
0.75645 5.1549 0.39366 2.9189 1.5796 0.60145
0.43491 1.4356 0.69422 2.1545 4.0743 0.34145
0.34417 -0.53387 0.7621 3.3088 4.243 0.38031
-0.0012596 -0.80844 0.63586 3.1351 4.2872 0.35115
0.6832 -2.2987 0.88309 3.0003 2.2411 0.37898
0.7295 0.55792 0.81399 2.4723 3.4439 0.75657
0.68612 1.4704 0.8285 1.9897 1.6447 0.30092
0.47543 0.7359 0.51055 2.2665 6.0521 0.84446
0.65236 1.8723 0.56442 2.456 2.5552 0.53579
1.1728 4.7057 0.6689 2.5962 1.7077 0.52792
0.33592 0.929 0.10576 3.4484 5.8068 0.22971
0.52047 3.813 0.43613 2.1615 3.0108 0.41721
0.3374 -0.53519 0.46133 2.7961 1.9546 0.44214
0.44145 3.032 0.27406 3.167 4.4188 0.50114
0.40071 1.09 0.48872 2.4599 4.8507 0.41814
0.54698 0.7602 0.03983 2.0788 5.5238 0.43911
0.065873 2.2505 0.40869 3.0977 1.977 0.3019
0.51553 2.0094 0.77466 2.5042 4.9023 0.5401
0.09629 1.8689 0.96588 3.2596 5.7815 0.97722
0.71832 -1.7503 0.20771 2.5287 5.7585 0.08359
0.16439 1.0284 0.030969 3.3028 5.3373 0.47198
0.27476 -1.9879 0.0161 2.8501 4.7688 0.36912
0.62283 2.899 0.21405 2.4684 5.1907 0.05907
0.58015 -0.68975 0.92855 3.0828 4.619 0.053615
0.72857 0.013764 0.67664 2.329 3.1746 0.11326
0.32725 3.486 0.6867 2.8792 3.8836 0.10124
0.70217 3.0362 0.78267 3.4579 2.5801 0.99159
0.32157 3.423 0.47103 3.1935 4.5112 0.87868
0.22669 1.8858 0.87776 2.9368 1.8401 0.99977
0.4286 -0.78191 0.60455 2.4397 4.2291 0.56992
0.47237 1.079 0.25362 2.0425 2.6654 0.56037
0.52319 0.18176 0.78167 2.7015 3.4757 0.41618
0.65562 -1.5824 0.15109 2.149 4.314 0.68696
0.3217 1.3691 0.49927 2.5087 4.176 0.80498
0.58381 3.4813 0.44108 3.057 1.8498 0.97373
0.63145 4.7377 0.84838 2.9396 5.687 0.83691
0.15845 -2.4519 0.42438 2.5166 3.0834 0.56049
0.31916 3.6513 0.3699 2.0967 4.5899 0.94878
0.4544 4.3218 0.1178 3.1042 1.9882 0.26997
-0.043485 -2.025 0.25911 2.1291 3.6007 0.50298
0.061232 -2.8965 0.81602 2.3934 3.2058 0.43254
0.29973 2.4924 0.34531 2.2525 2.3049 0.42205
0.54928 2.577 0.15351 2.3585 2.4602 0.46463
0.52723 0.52385 0.89199 3.3058 4.7533 0.68269
0.36791 3.3935 0.62935 2.2197 6.1988 0.12659
0.4738 -0.44962 0.82691 2.303 4.1166 0.17999
0.21102 3.5872 0.084143 2.3339 1.9716 0.030321
0.55468 3.0441 0.9157 2.4861 5.9546 0.22799
0.71053 -0.36959 0.55694 2.2985 3.114 0.61515
0.65733 -0.67415 0.41407 2.3923 5.3318 0.053157
0.8475 3.1372 0.032613 2.4448 3.1899 0.14301
0.8124 5.8618 0.053279 2.5577 2.5172 0.30378
0.31334 0.85048 0.62881 2.2494 2.4418 0.80624
0.39778 3.7916 0.90852 2.3408 3.7987 0.031544
0.91753 1.9988 0.4432 2.8035 2.3685 0.59507
0.55648 -2.2674 0.60097 2.3963 6.0536 0.4927
0.68365 -0.11106 0.58014 3.3848 5.7524 0.11263
0.66701 3.7412 0.63971 3.212 4.94 0.72423
0.59252 4.578 0.34323 2.5697 5.5728 0.27592
0.46692 -1.1251 0.56015 2.9831 3.1051 0.37673
0.52947 1.1601 0.28995 2.4255 5.0009 0.57334
0.51478 -0.37875 0.99546 2.8751 5.3774 0.61244
0.62895 -3.1725 0.44135 3.0185 5.4613 0.16584
0.41469 -1.096 0.7993 2.4379 5.0597 0.56063
0.87561 -0.02411 0.57465 2.9601 6.1991 0.44101
0.97826 0.5995 0.1053 2.2192 2.6597 0.27818
0.45373 1.8298 0.059406 2.98 5.4485 0.41968
0.36934 4.9609 0.64723 2.2786 3.2567 0.24334
0.77663 0.83407 0.73646 2.4096 2.4595 0.18818
0.28039 1.8215 0.31349 2.6708 5.6522 0.68624
0.1202 -1.5936 0.33852 3.1874 5.9232 0.83667
0.86074 -3.8634 0.81161 3.246 5.7322 0.42392
0.70173 -1.6092 0.12374 2.0844 3.7003 0.56111
0.20517 1.5571 0.74792 3.5097 3.7777 0.035403
0.40815 1.5725 0.32418 2.5174 2.1702 0.64584
0.73511 0.12659 0.17361 3.0063 2.2638 0.51869
0.31716 3.3484 0.7535 2.3377 1.8686 0.2954
0.82525 2.8128 0.32944 3.164 4.1118 0.15001
0.55463 0.43483 0.64502 2.4016 6.0026 0.56501
1.0082 2.8482 0.22965 2.4475 4.9868 0.54698
0.30533 1.4591 0.675 3.0109 2.6016 0.95496
0.52184 -4.5172 0.63389 2.9403 4.9843 0.29188
0.45146 -2.6777 0.11844 2.3316 2.1236 0.83516
0.5986 2.3965 0.08445 3.3311 1.783 0.48189
0.9812 1.8203 0.19575 2.916 3.1604 0.66335
0.6276 4.9772 0.43977 2.1065 2.2275 0.83705
0.42125 0.47874 0.51007 3.1539 4.7073 0.54901
0.26398 -1.5725 0.24316 3.3988 3.0147 0.24625
0.2132 -0.35939 0.67808 2.4439 5.8158 0.46191
-0.013304 -0.84195 0.049807 2.9856 3.3861 0.66617
0.39525 -1.2587 0.78836 3.0396 5.9971 0.72857
0.1062 -1.2959 0.99408 2.3355 1.6067 0.70691
0.87798 -2.1543 0.21871 2.7271 6.0844 0.83497
0.45416 1.4239 0.59817 3.1639 3.2439 0.49355
0.4264 1.8241 0.19656 2.1812 5.8554 0.59688
0.072118 2.9434 0.68805 3.1118 3.4179 0.81655
0.70846 0.14441 0.20195 2.9658 2.2021 0.027113
0.1663 4.1209 0.8196 2.4476 5.0504 0.4633
0.11618 -0.66055 0.80321 2.8076 6.1065 0.4634
1.0968 3.6865 0.54317 2.8958 4.5415 0.89991
0.50286 2.2442 0.73201 2.566 1.8483 0.35762
0.56814 2.2627 0.93016 3.3523 3.4978 0.46626
0.21942 -1.9926 0.37755 3.5889 2.0497 0.29685
0.93502 0.59791 0.33458 3.3264 2.5717 0.29184
0.74799 -0.16554 0.63667 1.9733 3.5527 0.98221
-0.07998 2.3536 0.060551 3.0407 3.3838 0.54798
0.5262 4.6717 0.035221 3.7341 5.6971 0.425
0.68636 1.9789 0.42241 3.02 2.9736 0.45579
0.21014 0.039385 0.4933 3.2142 4.4328 0.35235
0.79657 -0.47693 0.062934 2.113 3.4884 0.054973
0.53622 -0.63216 0.096637 2.49 2.3533 0.62443
0.5349 0.4963 0.79516 2.1723 4.1047 0.16499
0.49176 -0.26292 0.77657 3.3005 4.317 0.57311
0.36053 0.085867 0.99838 2.662 4.6835 0.37863
0.25244 1.2646 0.6581 2.5124 4.9775 0.27749
0.454 -1.268 0.39219 3.0614 5.8826 0.46456
0.52814 2.3178 0.41984 2.2768 3.9488 0.41367
0.06579 0.65801 0.24393 2.3905 4.1417 0.56571
0.69856 3.4437 0.038851 2.5778 2.3498 0.56066
0.56507 3.7151 0.85554 2.7348 4.0591 0.50375
0.15248 1.1369 0.24898 3.1753 4.4766 0.075819
0.29835 0.10945 0.52237 2.9494 3.7259 0.020003
0.86262 -0.070566 0.59465 3.3878 6.1654 0.44586
0.68502 -0.25772 0.63244 1.9647 1.9342 0.34535
0.29563 1.8734 0.58873 2.1204 2.1304 0.79009
0.36373 -0.40348 0.66454 3.1726 4.6104 0.39679
0.37668 -1.7094 0.095464 3.2878 3.3118 0.53895
0.1675 2.5546 0.55508 2.3249 2.7714 0.66482
0.60356 -0.92197 0.7404 2.9301 4.6181 0.16694
0.26462 -0.27954 0.17273 2.6319 2.9536 0.46107
0.45797 0.76015 0.40606 3.5826 1.9263 0.29774
0.54919 0.93036 0.85065 2.6221 2.7569 0.19867
0.55216 0.34603 0.28228 2.3886 1.9978 0.11789
0.31136 0.34774 0.90578 3.1746 3.8292 0.45883
0.93842 -0.59636 0.22662 3.2294 3.2206 0.035147
0.8296 2.0596 0.074973 2.2936 3.5291 0.21353
0.5845 -0.4129 0.11223 2.3272 3.0258 0.4354
0.76567 2.6639 0.19692 3.1986 2.9759 0.30412
0.68878 -3.7278 0.13185 2.3136 2.2964 0.79922
0.10302 3.3111 0.76687 2.4066 5.3025 0.31571
0.1905 -0.45267 0.82886 2.278 5.167 0.72285
0.52916 2.3762 0.26744 3.0642 2.1251 0.60045
0.27082 -5.0165 0.51965 3.077 2.8332 0.54133
0.2605 -3.3929 0.68731 3.0125 4.1722 0.48891
0.54125 -0.33442 0.32181 2.2453 2.7212 0.80597
0.40595 -0.61408 0.82777 2.5643 3.3987 0.47398
0.6998 0.4825 0.21787 3.4244 5.3126 0.61956
0.4024 3.7646 0.61581 3.1456 3.3634 0.20797
0.39502 0.91868 0.054475 2.811 5.607 0.81237
0.37523 3.092 0.067588 2.2722 4.6921 0.58078
0.59081 0.56032 0.035319 2.9465 3.1851 0.1371
0.51625 2.4151 0.85507 3.1862 1.8995 0.51304
0.76338 2.063 0.53018 2.565 4.9578 0.13647
0.6099 2.0235 0.24598 2.7225 4.7693 0.48591
0.46208 5.5406 0.9383 2.0316 4.4007 0.31508
0.75287 6.6384 0.81328 2.1488 2.1604 0.38579
0.49071 0.56216 0.49059 3.0505 2.1874 0.61591
0.75002 4.3514 0.61047 3.204 5.1777 0.39272
0.97368 -1.2811 0.26945 3.0992 4.0328 0.28395
0.3945 -1.1312 0.13547 2.0648 3.2214 0.23903
0.086334 -2.3166 0.65139 3.0296 6.2044 0.28673
0.6129 -0.051404 0.63677 2.192 5.136 0.094498
0.62979 1.9979 0.58786 3.2758 2.9153 0.61262
0.98052 3.0234 0.12959 1.9743 4.2413 0.43931
0.52917 1.7562 0.37752 2.5337 6.2176 0.55457
0.75097 2.5362 0.028255 3.08 4.8881 0.50276
0.267 2.739 0.33631 1.9602 2.3287 0.83944
0.51036 2.1671 0.38071 3.2101 6.141 0.43681
0.28189 1.0931 0.99404 2.3148 4.8946 0.31016
0.26923 0.23665 0.43279 3.1327 4.1747 0.48604
0.61057 5.1595 0.043527 2.4048 4.4333 0.1794
0.26585 0.87923 0.42775 3.2676 1.9892 0.060572
0.81106 2.6558 0.108 2.5334 5.6281 0.21653
0.44429 -2.7818 0.79714 2.2826 5.6584 0.55597
0.51553 -3.757 0.27405 2.5241 3.1676 0.52303
0.38733 2.5777 0.59113 2.7926 5.7652 0.44745
0.64668 -0.83139 0.84162 2.4316 1.8646 0.52178
0.40679 3.1057 0.44112 2.5287 4.2035 0.49071
0.42744 4.2192 0.87078 2.9736 1.8192 0.58058
0.56152 -2.5229 0.61523 2.3351 2.1385 0.76933
0.64949 4.6522 0.54698 2.2785 2.4254 0.97315
0.67552 2.4032 0.32579 2.233 2.0669 0.56502
0.67404 2.3 0.96485 2.5637 3.0629 0.47235
0.39832 0.54615 0.058711 3.4097 2.7896 0.31159
0.4463 0.92464 0.67129 3.1662 5.2765 0.55043
0.10944 -0.051281 0.44079 3.4365 5.9454 0.42868
0.26918 0.44336 0.95388 3.0959 2.1809 0.401
0.32873 2.3022 0.52857 2.307 3.3045 0.40413
0.48972 0.78375 0.36272 3.1157 3.0461 0.5943
0.2918 1.6234 0.96228 3.1293 2.0225 0.39393
1.1524 1.2307 0.3761 2.3214 2.2706 0.091964
0.5295 -0.75527 0.41219 2.5239 3.9178 0.021575
0.61308 1.2414 0.76934 3.2105 4.2386 0.16363
0.4063 -2.3122 0.94503 3.2804 1.6542 0.65626
0.43574 -1.7418 0.76592 2.159 3.8767 0.58564
0.11147 1.4345 0.60099 2.4425 2.2676 0.39884
0.43163 -0.77655 0.74813 2.9341 5.1414 0.9359
0.50719 0.79689 0.047398 3.2629 5.0074 0.60247
0.59282 0.27129 0.62063 2.8688 4.1075 0.47298
0.55627 1.3013 0.064477 2.9827 1.7688 0.028124
0.28654 -2.4371 0.42583 3.3109 1.632 0.5609
0.36314 -1.0877 0.30292 3.3431 2.6839 0.82827
0.84404 0.027042 0.2037 2.7171 4.2756 0.67813
0.85275 3.0772 0.17956 3.0765 5.6431 0.82995
0.81482 3.2561 0.93784 3.0082 3.6353 0.027145
0.25504 1.8253 0.99627 2.9802 3.911 0.8491
0.72864 1.3748 0.4567 2.2592 5.9925 0.42916
0.62267 2.6817 0.81018 2.9923 4.6135 0.41543
0.14146 0.57965 0.36403 2.1608 1.9138 0.883
0.64503 2.7472 0.10647 2.5848 2.1345 0.00665
0.70297 -1.4752 0.30781 2.4774 2.724 0.46157
0.64828 0.75542 0.21005 2.4098 2.7806 0.57796
0.59006 2.7841 0.7524 2.5453 4.4731 0.4544
0.56017 3.1923 0.40929 3.3488 4.1085 0.15365
0.57352 -2.3896 0.51845 2.2951 4.1444 0.5101
0.10893 1.1629 0.89218 2.3949 2.9319 0.48738
0.7246 -2.2387 0.24181 2.2575 3.9909 0.32745
0.27446 1.7571 0.34591 3.1106 4.874 0.89438
1.0345 -1.2061 0.92522 2.6244 3.2324 0.15996
0.93134 0.97362 0.54768 2.8714 6.2707 0.53655
0.70657 2.2773 0.4133 3.3009 2.1312 0.32711
0.62947 3.3757 0.12981 2.4023 3.727 0.55327
0.4909 -0.055775 0.67644 2.4967 2.331 0.11435
0.72888 -3.0381 0.46514 2.4349 4.1004 0.49419
0.41239 1.3419 0.38755 2.5575 6.0442 0.57913
0.077636 4.1064 0.66871 3.2274 3.1211 0.9704
0.12469 -2.4228 0.1094 2.5 1.7203 0.066588
0.68819 4.7842 0.41977 2.5075 2.3328 0.23736
0.35649 -0.43836 0.47521 2.9795 3.9734 0.57367
0.43188 1.0349 0.58445 2.7068 1.6074 0.46062
0.27772 -0.40422 0.77087 3.1665 3.7603 0.61558
0.94135 -1.2271 0.71769 2.6415 3.8256 0.86542
0.27709 0.77007 0.47754 2.3174 2.0115 0.36584
0.05664 2.0273 0.58002 3.1065 5.9141 0.6703
0.4856 3.7941 0.10858 2.7493 2.809 0.43231
0.54746 -1.1484 0.52279 2.4261 5.3369 0.52855
0.38559 0.072043 0.3657 2.2162 2.1324 0.60088
0.38308 -0.76603 0.75384 2.4538 3.3266 0.61703
0.88485 1.1005 0.75713 3.0464 2.5706 0.51249
0.54559 -1.421 0.90386 2.4901 1.7806 0.9317
0.52137 0.46805 0.91667 3.0467 4.5297 0.61918
0.45463 1.6271 0.61382 3.5145 2.2337 0.77583
0.27881 0.55164 0.83418 3.4196 3.7328 0.35929
0.44347 1.2768 0.92797 3.2044 3.7301 0.62496
0.51233 0.33435 0.51592 2.4249 4.4059 0.41926
0.19758 0.44493 0.90583 3.3989 5.7856 0.58061
0.87614 2.2477 0.79074 3.1317 5.873 0.44556
0.62263 0.58083 0.33445 2.2145 5.2531 0.75836
0.24271 -0.76868 0.82685 2.2638 4.2087 0.12569
0.58526 2.9996 0.046868 2.6885 3.6737 0.83714
0.43049 3.3215 0.55817 2.3029 4.4489 0.14539
0.50109 2.4316 0.015859 3.2636 4.1135 0.18701
0.28474 8.2176 0.42488 2.3553 4.1286 0.79255
0.50387 -0.43273 0.81157 3.0962 3.8617 0.47872
0.47438 3.8943 0.82234 2.1072 3.6556 0.40591
0.4008 -1.4527 0.37077 2.584 2.3005 0.45264
0.34248 -0.57869 0.27315 3.4986 2.8511 0.51132
0.15553 2.8142 0.46028 2.6303 2.9437 0.40551
0.24293 1.2793 0.53365 3.1966 2.9359 0.44561
0.29739 1.4523 0.97969 2.5633 5.5226 0.74277
0.72762 3.2956 0.96313 3.1026 5.0662 0.48297
0.66534 0.54202 0.20764 3.0758 3.5677 0.13083
0.57617 0.69515 0.68384 2.6765 3.1858 0.49024
0.17533 -0.18184 0.0004551 3.1178 2.5271 0.02499
0.39118 3.6163 0.90586 2.7718 1.5982 0.15095
0.66842 2.0465 0.82582 3.4013 3.8963 0.43071
0.34548 -1.8958 0.18508 2.5748 2.7347 0.4672
0.78768 1.9184 0.73285 3.2343 3.8741 0.21681
0.53375 1.0791 0.7445 3.4082 4.8266 0.78258
0.23405 1.4981 0.27854 2.0513 5.6422 0.64408
0.39469 1.6292 0.024076 2.2819 5.7814 0.14833
0.17306 0.21578 0.31352 3.0944 2.1108 0.016429
0.79702 4.1139 0.21213 2.8933 2.9891 0.58642
0.79468 -1.2483 0.22394 2.47 2.3209 0.64604
0.2409 0.1817 0.049074 2.5826 2.5466 0.64623
0.7207 0.396 0.91809 2.7485 4.0664 0.5811
0.2493 4.824 0.042818 2.4444 3.2827 0.25503
0.74531 3.5104 0.63577 3.2733 5.4368 0.82594
0.52329 0.43804 0.61637 2.1234 5.4083 0.25743
0.6769 3.8259 0.80061 3.1165 2.642 0.93622
0.37617 3.876 0.48068 2.4645 3.1063 0.29762
0.01071 1.0675 0.80914 3.0749 4.8898 0.82534
0.66404 -0.67215 0.73339 2.0314 3.4023 0.58923
0.5287 1.7262 0.53822 3.0969 3.2696 0.097711
0.57114 -1.8677 0.018325 3.0827 1.9214 0.2077
0.60394 3.3995 0.83554 3.5211 4.1336 0.4153
0.25857 -0.40524 0.54202 2.6021 3.5607 0.67836
0.50454 3.6249 0.74692 2.3471 5.6409 0.30587
0.6639 2.9242 0.17322 3.2436 3.7088 0.092154
0.41516 5.7937 0.070515 2.2431 2.0185 0.64273
-0.11902 1.1845 0.20732 2.674 5.8576 0.86598
0.79769 0.65507 0.070173 2.2703 4.8316 0.10509
0.51514 0.34413 0.38612 2.477 2.4653 0.66057
0.37994 0.64043 0.4332 3.2408 2.3554 0.45064
0.41405 4.4378 0.82848 2.0985 2.1211 0.073786
0.60556 1.4168 0.47683 2.3776 4.0846 0.75595
0.27118 0.70874 0.61309 2.4753 4.4654 0.55617
0.73159 -1.496 0.80301 3.0154 5.8411 0.44909
0.89867 -2.5262 0.19001 2.8085 4.861 0.95236
0.67621 4.1684 0.98022 2.1307 5.0559 0.53076
0.94133 1.0817 0.26388 3.4583 5.1976 0.96523
0.72272 2.6474 0.95645 2.3111 2.5286 0.45146
0.23085 0.29061 0.13933 3.3919 1.9529 0.21532
0.22661 0.59298 0.12626 3.18 2.5274 0.71716
0.76084 2.6539 0.33727 2.966 2.7641 0.018594
0.52779 1.5917 0.36859 2.6193 4.5733 0.28639
0.9176 0.64836 0.45607 2.8253 5.0847 0.2113
0.51664 1.9218 0.81377 2.8488 5.1793 0.70512
0.83448 -0.56661 0.37344 2.3161 2.3366 0.7123
0.71217 1.1192 0.11765 3.0111 2.028 0.5278
0.26515 -0.30139 0.38296 3.3273 6.242 0.24672
0.082567 0.26684 0.045645 3.1546 3.1401 0.87353
0.54078 2.7877 0.28441 3.5104 4.1418 0.21777
0.84224 -1.2414 0.7786 3.141 1.8316 0.48038
0.1549 2.7525 0.82091 3.298 5.4174 0.707
0.42292 -1.9868 0.68291 1.9372 6.1541 0.70331
0.41256 -1.5961 0.16881 3.0676 4.5234 0.37425
0.90263 3.3948 0.9001 2.9207 4.9989 0.79131
0.73002 2.5477 0.85787 2.7351 2.9477 0.95148
0.85775 -1.0948 0.61601 2.9841 4.5822 0.58636
0.43282 -1.2539 0.069746 2.3962 2.9057 0.50929
0.98799 -1.2202 0.070547 3.1935 4.4084 0.91699
0.3468 0.2297 0.20236 3.2923 3.8808 0.56105
0.56818 1.7625 0.080548 2.2488 2.9919 0.30249
0.4685 3.8479 0.051782 2.546 3.3624 0.44932
0.37654 3.1235 0.98833 2.3309 1.6061 0.59893
0.83571 4.7394 0.18407 3.291 5.1566 0.36161
0.52622 1.5062 0.73442 2.2545 4.898 0.80745
0.83675 -1.4003 0.85502 3.019 6.1578 0.79462
0.81727 3.2835 0.4946 2.4237 4.2577 0.52996
0.33111 3.3536 0.87352 2.422 3.4414 0.5021
0.16791 1.7206 0.4547 1.9655 4.4113 0.98592
0.3049 0.76578 0.36519 3.3479 4.6316 0.44204
0.43755 3.3637 0.1402 3.0376 3.758 0.43706
0.46947 0.8177 0.55788 2.5961 4.9155 0.11988
0.50609 1.4844 0.63409 2.0563 5.6421 0.70244
0.088389 -2.4983 0.29323 3.2862 2.4758 0.45255
0.46344 1.846 0.0093004 3.3391 5.4729 0.60871
0.5724 1.2155 0.26792 2.1273 4.9474 0.47599
0.76532 2.9781 0.69313 3.5145 4.5415 0.29082
0.7323 0.13394 0.78489 2.9423 2.8598 0.34645
0.73158 -0.61703 0.80129 3.4623 2.4067 0.92797
0.61951 2.9168 0.81898 3.1069 2.5373 0.77876
0.44015 0.24131 0.69401 2.4372 4.6229 0.48824
0.29217 -0.85193 0.96625 2.5244 3.2716 0.62125
0.59622 1.7824 0.39886 3.471 2.5354 0.66864
0.56143 2.5837 0.87694 2.3449 3.4298 0.63481
0.74409 -0.50314 0.68591 3.194 3.7951 0.19971
0.24389 1.9499 0.90661 2.2859 3.3851 0.52127
0.85795 0.79616 0.0061421 2.5026 3.4979 0.39331
0.15659 3.6112 0.51392 3.095 4.2315 0.53076
0.092128 -2.226 0.059087 3.1295 3.1027 0.41161
0.6546 -3.487 0.11041 3.3316 2.3641 0.63148
0.90238 2.1599 0.27329 2.8323 5.9408 0.050872
0.41947 1.8707 0.57901 2.524 2.271 0.87026
0.64582 1.7934 0.76776 2.6468 1.9664 0.01498
0.47958 3.8555 0.074671 3.3401 5.4171 0.4318
0.081541 0.20519 0.59273 2.6342 5.4101 0.16931
0.6448 0.75236 0.75751 2.3244 5.8096 0.65548
0.67118 1.0956 0.67873 2.9808 2.2463 0.56119
0.33371 -1.7856 0.29813 2.1688 6.1108 0.35954
0.73074 2.4136 0.76549 2.1727 3.2978 0.56803
0.4749 -0.15929 0.22781 2.0656 2.6867 0.011251
0.92211 0.53257 0.10249 3.4064 5.9931 0.085545
0.58266 0.328 0.34252 2.1621 5.1132 0.99271
0.51788 3.7153 0.6571 3.0278 5.8184 0.16724
0.65405 -1.2957 0.26625 2.2358 3.498 0.05548
0.20646 1.5289 0.69436 3.2015 6.2111 0.47777
0.63536 -0.72391 0.25745 2.3977 3.8801 0.38127
0.84725 -2.4238 0.88851 2.8143 3.2023 0.44674
0.62954 1.106 0.8523 3.4094 2.872 0.46407
0.89821 2.3965 0.61579 2.9363 2.2703 0.9371
0.50563 -0.28225 0.53231 3.0405 4.5031 0.46913
0.77379 1.4328 0.12157 2.0352 4.3843 0.91033
1.0419 -0.16561 0.79927 2.3234 3.3525 0.52855
0.41905 -0.30425 0.70991 2.4368 4.3992 0.16265
0.08473 1.3651 0.71226 3.2165 5.5443 0.74645
1.1825 -0.91829 0.29311 3.0873 3.6367 0.42787
0.64749 -1.7452 0.99155 3.2024 4.28 0.49381
0.57792 1.7437 0.53106 3.1195 3.6148 0.49771
0.41721 -0.023128 0.27144 2.7609 5.9332 0.057283
0.46351 2.1038 0.87518 3.1227 2.0181 0.60828
0.42262 -3.2764 0.64834 3.1759 1.9238 0.63278
0.78862 1.6303 0.5301 1.9671 4.7854 0.3777
0.39869 -2.2546 0.68179 2.1415 3.9113 0.55761
1.0966 3.4068 0.15915 2.6932 3.6367 0.31025
0.12489 -1.4582 0.33241 2.987 4.3598 0.27017
0.31404 1.3674 0.068434 2.9703 6.2311 0.87514
0.52443 1.9321 0.53406 2.9226 3.489 0.0023326
0.95948 2.2464 0.58548 3.0437 3.6958 0.56254
0.91258 2.4782 0.7446 3.218 5.0032 0.45124
1.0423 1.9683 0.0038878 2.8134 4.9187 0.035861
0.38898 1.4645 0.88286 3.2647 5.8909 0.54935
0.54148 -0.059106 0.44379 3.4787 5.9975 0.40888
0.79456 -0.87943 0.91322 3.0658 2.092 0.38078
0.52289 -2.5735 0.11375 3.157 1.7654 0.95398
0.54042 1.9824 0.37409 3.4502 2.6859 0.083455
0.18837 -1.7715 0.15937 2.3921 3.8759 0.24112
0.56974 1.4871 0.20497 2.2892 1.9507 0.77852
0.53816 5.1561 0.65545 3.4315 3.7435 0.57791
0.61901 2.0907 0.49976 3.1533 4.4745 0.55574
0.52321 2.8111 0.32297 2.6406 4.1655 0.51012
0.43639 -1.0981 0.45919 3.2542 1.9387 0.56937
0.52979 -0.6581 0.54213 3.427 4.7567 0.31228
0.67689 -1.4501 0.95886 3.0229 5.4597 0.58649
0.40527 1.2567 0.35189 2.3823 4.75 0.20783
0.1928 2.7453 0.089002 2.4993 3.3676 0.62747
0.87184 -0.056639 0.37382 2.2935 3.0203 0.53718
0.37286 1.1985 0.33569 2.9527 5.0179 0.37944
0.55464 1.0396 0.26838 3.2799 1.6722 0.75207
0.63885 0.36557 0.62169 3.2091 6.1036 0.85561
0.64899 0.15491 0.78176 2.5275 3.7002 0.24669
0.2098 -0.57863 0.13873 3.1937 3.1617 0.76532
0.0072286 1.7701 0.76551 3.04 2.649 0.69993
0.37907 0.69326 0.35243 2.2925 5.2057 0.11685
0.35631 4.3277 0.47167 2.3079 5.0304 0.83492
0.7485 1.5857 0.66607 3.1743 2.4028 0.40303
0.48195 -1.9105 0.51 2.358 5.3289 0.60836
0.67285 -1.3581 0.18411 2.2352 5.8159 0.451
0.349 -1.5269 0.8226 3.1841 5.5951 0.66566
0.3809 2.0137 0.36449 2.3999 3.9788 0.55738
0.49032 1.3421 0.55604 2.3539 3.3665 0.38033
0.096884 -0.68863 0.66806 3.2683 2.1518 0.36233
0.65718 1.1568 0.54353 3.1378 2.241 0.40546
0.29921 3.7382 0.00072834 2.9743 4.4798 0.54328
0.37043 3.7677 0.08531 2.1932 1.9469 0.52626
0.2399 1.519 0.81356 2.2628 3.147 0.6313
0.83459 0.41735 0.22585 2.5991 3.2297 0.4587
0.60319 0.53915 0.33498 2.4393 3.4993 0.5356
0.40602 -0.42485 0.22433 3.3793 4.0201 0.31674
0.024356 -0.040012 0.82966 2.0999 5.7826 0.32609
0.81554 -0.92391 0.87613 3.17 4.57 0.54022
0.55814 2.1769 0.2025 3.0523 2.5638 0.27187
0.13886 -1.8523 0.29755 2.9512 6.2715 0.42702
0.058542 -0.041774 0.24193 3.1459 4.2072 0.33903
0.3588 1.3147 0.58519 2.3606 2.885 0.42373
0.41292 1.3055 0.19539 2.6106 3.2673 0.95496
0.19561 1.9846 0.61211 2.6317 3.9677 0.4586
0.66643 0.10311 0.3214 3.1388 2.9768 0.79446
0.60393 2.0837 0.63332 2.7341 4.2475 0.68471
0.11454 1.2204 0.72618 2.1979 2.8416 0.91266
0.485 3.1135 0.44752 3.0501 1.634 0.38755
0.48108 5.4287 0.17472 2.2185 5.5368 0.39084
0.55199 -0.0010717 0.99363 2.9879 4.8461 0.0062514
0.3683 -0.49409 0.62989 2.3924 1.8514 0.57068
0.54207 1.3944 0.81725 3.3774 4.5258 0.2179
0.74829 2.5019 0.99501 3.3947 2.0984 0.50684
0.25858 -2.3031 0.50945 3.2064 2.8612 0.15476
1.0444 4.0895 0.27653 2.5114 4.5607 0.48421
0.45733 4.8069 0.90761 3.5242 2.9056 0.60225
0.39229 0.49748 0.36213 2.8111 2.0184 0.67438
0.81935 -1.0718 0.91384 2.5249 3.4224 0.53647
0.36903 0.091907 0.056829 3.0012 1.9756 0.85537
0.69274 2.5985 0.53586 3.1078 5.8611 0.73775
0.10299 -1.9633 0.00083649 3.3398 3.1407 0.52352
0.49609 4.2466 0.18562 2.7286 3.0927 0.62212
0.50099 -3.3687 0.89454 3.2787 4.2523 0.443
0.097228 1.764 0.24633 2.273 5.6845 0.52855
1.1241 2.979 0.49558 2.1471 3.8299 0.36169
0.80657 1.1585 0.2702 3.2447 5.6848 0.79156
0.16144 -0.94105 0.77339 3.2334 5.713 0.51424
0.24169 3.6667 0.17503 2.7295 6.0168 0.71241
0.36958 -2.2504 0.11688 3.2437 2.0382 0.53867
0.60858 -0.91061 0.63172 3.3795 3.2494 0.077308
0.43379 0.70776 0.47325 2.5192 5.8458 0.94219
0.79538 -0.10866 0.37201 3.1677 5.5701 0.55252
0.4495 0.43665 0.67186 3.1809 2.0936 0.55314
0.49029 3.6666 0.284 3.0321 1.6893 0.4401
0.69738 0.082688 0.22718 2.4885 4.3771 0.54257
0.57655 1.4538 0.38189 2.6299 3.875 0.66862
0.36543 1.0085 0.93532 2.8688 1.7168 0.56199
0.33985 1.802 0.80429 2.0375 5.0665 0.50059
0.57739 3.1067 0.96412 2.4351 2.8159 0.43808
0.8333 0.84062 0.94405 3.4552 4.0484 0.16201
0.4391 -1.7624 0.84339 2.113 3.8092 0.43463
0.46311 0.2166 0.13355 2.4995 4.5899 0.064618
1.0857 2.703 0.11631 2.406 6.2104 0.66669
0.61304 1.7528 0.0623 3.1429 5.1103 0.57465
0.26113 -1.3139 0.058765 2.3951 4.4654 0.79575
0.4366 -0.21894 0.052432 3.333 4.7231 0.3712
0.26903 0.38234 0.73303 2.5088 5.2963 0.60649
0.37839 1.0674 0.34695 2.4244 5.6918 0.77415
0.22563 -0.93527 0.71101 2.1172 4.7825 0.634
0.50067 -0.2202 0.70115 3.3054 1.6957 0.55491
0.55246 3.323 0.70668 2.1585 2.4151 0.99038
0.51288 -0.64841 0.69708 2.9405 1.5884 0.82543
0.53625 2.2142 0.75513 3.439 6.0033 0.95158
-0.015187 1.0353 0.497 3.4528 3.6832 0.5878
0.66609 0.99025 0.13367 2.0379 5.5035 0.85666
0.73033 -0.045607 0.37497 2.1734 2.061 0.25464
0.72005 -1.7799 0.37831 3.054 5.1119 0.087785
0.62121 0.69044 0.024071 2.6139 2.3998 0.98094
0.60894 1.5733 0.1328 2.3129 5.2578 0.76769
0.65639 0.54533 0.47175 2.6086 6.2047 0.14937
0.46673 1.6376 0.19876 3.0909 4.4873 0.34158
0.29843 3.1494 0.23701 3.0328 2.8404 0.16122
0.33932 1.3727 0.79691 2.125 3.2969 0.39339
0.68797 3.785 0.69485 3.3906 1.6338 0.49461
0.5278 -0.23062 0.66614 3.6535 2.243 0.58619
0.10483 3.8009 0.173 2.5247 6.2493 0.44989
0.07745 4.5319 0.52145 3.2833 4.9542 0.51573
0.36101 -0.51842 0.43445 3.0579 5.6543 0.82655
0.47693 2.9813 0.76302 2.3744 5.7161 0.42319
0.32883 3.7437 0.99539 3.1214 2.2335 0.58999
0.17926 1.6088 0.48383 2.9457 5.7204 0.62049
0.39088 -2.6556 0.36063 2.2676 2.6037 0.56472
0.44454 0.20929 0.58116 2.304 2.1496 0.86161
0.53538 0.53907 0.55903 2.2044 2.2841 0.31304
0.47492 1.559 0.54576 3.1062 5.3205 0.6344
0.1799 1.023 0.99545 3.1197 3.5883 0.074498
0.30199 3.5544 0.89766 2.27 4.3088 0.54191
0.58985 2.3166 0.29824 3.1995 5.9988 0.77995
0.32964 0.046231 0.19144 3.2466 4.0864 0.27621
0.71477 2.8288 0.10724 3.0208 5.3388 0.56531
0.38245 -2.1255 0.069188 2.5647 4.9232 0.97511
0.3415 -0.31601 0.022269 3.0097 4.7775 0.019607
0.053633 3.6345 0.073597 3.075 2.5783 0.46668
0.62156 0.10054 0.72279 3.0279 4.8722 0.4963
0.67549 1.2348 0.98571 2.2935 1.8826 0.39566
0.68837 1.914 0.18235 2.2093 3.6507 0.75233
0.94982 1.9089 0.67687 3.4234 5.1905 0.70805
0.26256 -1.2844 0.33321 3.0491 3.3554 0.17105
0.60687 1.9219 0.40659 3.1433 5.5447 0.1465
0.20804 -1.3954 0.26082 3.0055 4.5593 0.35395
0.14954 6.5315 0.53813 2.3071 1.7876 0.19985
0.4418 -0.12669 0.84815 3.1594 1.9658 0.58838
0.42609 2.6014 0.19796 2.9319 2.9671 0.95648
0.38928 1.1106 0.72688 2.4967 5.8075 0.16762
0.48339 2.2559 0.70379 2.3611 5.3803 0.91614
0.50997 -0.073817 0.051759 3.0845 3.2372 0.40467
0.67327 0.80967 0.52478 3.083 4.9569 0.98842
0.43662 1.7705 0.76676 3.4316 5.2819 0.68148
0.3687 1.3441 0.30522 3.4367 3.5849 0.38498
1.1015 0.53296 0.57698 2.4104 4.483 0.41537
0.44705 5.7283 0.53309 2.3378 3.0538 0.042792
0.9237 0.84384 0.41303 2.2905 3.3286 0.45651
0.72521 2.9987 0.88962 3.1676 2.2145 0.98416
0.25898 0.98403 0.90815 3.3388 5.2402 0.5152
0.78303 1.7618 0.63708 3.1452 2.3269 0.67537
0.29957 1.4313 0.27882 3.2887 3.3908 0.81097
0.61343 1.7116 0.78036 3.3652 4.5746 0.40911
0.69891 -0.48461 0.26522 3.1056 2.8312 0.66745
0.52136 -1.9569 0.23009 2.4404 4.011 0.76453
0.56906 -1.2283 0.30068 3.1265 3.35 0.53202
0.6499 2.1588 0.88164 2.8669 4.5611 0.049214
0.92868 -0.47087 0.019379 2.2595 3.6468 0.95646
0.44204 2.6474 0.31857 2.4938 2.0788 0.7523
0.68809 0.93625 0.085308 3.0611 4.913 0.28151
0.62765 -0.65502 0.50189 2.3102 5.9298 0.5259
0.26791 -1.2764 0.25504 2.3116 4.0542 0.36766
0.81252 -0.49279 0.87721 2.7182 2.4122 0.52618
0.18567 0.0427 0.2148 2.9196 3.8196 0.35518
0.14834 -2.5962 0.35463 2.4491 4.363 0.65289
0.23757 0.54579 0.14599 3.173 3.1392 0.47702
0.68452 0.12016 0.23593 2.5035 3.5426 0.84179
0.46636 -0.085152 0.448 3.1203 5.3591 0.42626
0.69698 0.66511 0.0011617 3.1698 5.5155 0.44423
0.66728 -1.98 0.43102 2.2591 2.3871 0.79736
0.33722 0.93167 0.33954 2.4398 5.3598 0.28818
0.78521 4.1892 0.96242 3.1605 4.9745 0.95967
0.60701 2.2495 0.93463 3.0419 3.9517 0.51055
0.29139 3.2896 0.59852 3.1439 2.2714 0.45792
0.6358 3.0054 0.79506 3.2642 1.927 0.36193
0.5072 4.2016 0.9482 3.1555 5.4876 0.9368
0.74415 -0.51475 0.48152 2.9463 5.3486 0.67235
0.5079 -1.4613 0.80495 2.3762 3.2471 0.17922
0.80085 0.41069 0.82216 2.2707 3.2134 0.57757
0.35503 1.1926 0.090854 2.3268 2.2253 0.44792
0.56038 1.8358 0.18068 2.0972 3.0126 0.35108
0.5294 1.3921 0.27867 1.9683 4.3588 0.64105
0.60994 -1.3124 0.48766 3.5514 3.8169 0.4956
0.75008 2.2512 0.2489 2.057 4.0001 0.50583
0.24161 0.7272 0.83682 2.6308 4.1089 0.64975
0.24773 -2.7456 0.94265 2.2312 2.4817 0.33379
0.84885 -0.90694 0.31586 3.2036 4.6557 0.52269
0.71902 2.9305 0.31511 2.0463 5.3368 0.26037
1.0569 -0.39789 0.46335 3.063 4.7035 0.6494
0.92048 0.33783 0.14565 2.6979 1.5763 0.44756
0.49419 1.2828 0.57536 2.1773 4.9785 0.72626
0.40278 2.7244 0.68862 2.194 2.7205 0.15501
0.36396 3.3613 0.24761 3.226 2.7764 0.36486
0.14232 -0.8665 0.97445 2.0939 4.2309 0.72293
0.57316 2.5594 0.40842 3.2307 1.9828 0.63374
0.25237 -0.17223 0.91294 3.1205 5.7494 0.024461
0.26967 -2.0373 0.41116 3.2411 1.7765 0.27508
1.0083 2.0366 0.72878 3.1134 3.5997 0.10156
0.50793 -0.26535 0.63574 1.996 5.5351 0.055592
0.76237 -1.3697 0.30395 3.3216 4.4012 0.48057
0.42286 -1.4969 0.30859 2.6805 4.1087 0.45047
0.95524 2.3974 0.91389 2.2224 3.0288 0.38592
0.71787 1.4162 0.46969 2.1967 2.8762 0.46362
0.88033 0.98806 0.88525 3.0683 2.1381 0.18716
0.28265 1.6477 0.82325 2.5775 1.9251 0.58346
0.22579 5.5742 0.84998 3.3937 6.1717 0.45222
0.4755 2.7841 0.711 3.5117 5.8105 0.099564
0.5042 1.7121 0.97619 2.5837 4.2512 0.1743
0.57247 2.2978 0.69991 3.1703 5.6336 0.26521
0.76281 1.4655 0.26894 2.5077 3.3007 0.55306
0.34843 -0.017654 0.81132 2.1495 3.7636 0.34006
0.35162 2.8887 0.85653 3.2627 2.1548 0.51812
0.33908 0.69964 0.55975 2.5221 3.1189 0.49505
0.75766 -0.12885 0.26547 3.3154 4.2849 0.025815
0.78407 1.6023 0.091749 3.1555 3.953 0.65954
0.8801 0.53339 0.78453 2.4085 5.3637 0.6256
0.54906 1.1121 0.3039 2.1241 2.1433 0.70344
0.53767 -0.25929 0.68198 3.2403 5.4595 0.60803
0.56497 2.6311 0.61915 2.3999 2.7352 0.28418
0.25085 3.4088 0.67735 3.0014 3.0961 0.57254
0.30989 -0.013848 0.62387 2.5214 2.9316 0.45569
0.65012 3.7103 0.46934 2.9697 5.2054 0.48735
0.24718 -0.41796 0.84211 2.961 6.1382 0.018648
0.23402 1.8056 0.067071 2.4522 6.1483 0.72554
0.43474 -0.17747 0.59847 3.3207 5.3032 0.8727
0.3872 1.5309 0.94473 3.2262 3.2217 0.39062
0.53783 1.3503 0.78774 2.436 5.5827 0.52998
0.47918 -1.6978 0.98588 2.3841 6.282 0.29254
0.85476 3.5267 0.26334 2.4258 4.1537 0.83887
0.51529 1.9965 0.86426 2.2853 2.6297 0.27906
0.72039 0.95636 0.12615 2.3092 2.692 0.53664
0.14966 -1.6649 0.52793 2.8447 4.1124 0.79838
0.40656 1.4151 0.94332 2.2936 4.1351 0.15959
0.43551 3.1209 0.49996 2.9227 2.8066 0.3074
0.43863 0.5677 0.58261 3.1616 1.5859 0.49356
0.26048 -2.3764 0.66101 2.3872 2.1528 0.24196
0.6347 -1.1951 0.57672 3.2683 3.4766 0.64237
0.55199 1.6622 0.13569 2.0466 1.7099 0.61591
0.51414 -1.6612 0.51357 3.3104 2.1201 0.57813
0.28196 1.6858 0.50612 2.3044 5.5299 0.58867
0.54831 0.79938 0.49602 2.3156 4.5077 0.82166
0.60186 0.26884 0.93058 2.3611 5.5024 0.04201
0.29923 2.2465 0.80619 2.7017 2.5921 0.52696
0.38877 1.7027 0.93789 2.5571 5.8421 0.34955
0.6983 -0.60687 0.78194 3.0756 5.7568 0.35272
0.4194 -2.0343 0.60969 3.0576 4.9689 0.83432
0.47469 1.2622 0.88276 3.0353 5.527 0.98761
0.56288 1.7112 0.48579 2.3506 5.6144 0.48544
0.4565 1.8129 0.22813 2.0443 5.9962 0.33134
0.36257 -1.6135 0.66969 2.3581 2.2066 0.3048
0.6366 -0.73894 0.30633 2.2405 5.2227 0.042556
0.042486 0.91898 0.73586 2.312 5.1726 0.094283
0.74208 1.2559 0.96936 2.3953 1.6826 0.91018
0.67593 0.30057 0.27725 2.2049 3.6672 0.46455
0.24051 -1.0017 0.66951 2.0979 3.7789 0.77086
0.73794 2.8407 0.76261 2.5889 1.7005 0.19531
0.048867 0.13333 0.50216 2.4936 5.8731 0.28135
0.66609 1.0568 0.14323 2.5963 3.8659 0.34375
0.73219 2.0927 0.37608 3.2399 4.1089 0.92306
0.29165 2.448 0.46016 2.7717 4.836 0.13285
0.34113 3.571 0.79999 3.1646 4.1135 0.079546
0.32411 1.7136 0.010047 2.3263 6.1666 0.84469
0.2843 1.9541 0.59043 2.6395 4.252 0.48197
0.21585 1.8444 0.9181 2.6771 2.3371 0.44269
0.35498 -0.22294 0.57792 3.4145 4.0292 0.60082
0.59996 0.56651 0.011429 3.0946 3.0413 0.47125
0.16217 -1.5217 0.37281 2.2987 2.8682 0.56149
0.52519 4.861 0.29887 2.691 3.2827 0.094234
0.259 1.9933 0.23086 2.7229 5.1353 0.28864
0.84153 3.8528 0.74865 2.6085 2.4494 0.20804
0.75077 0.82257 0.57641 3.3831 3.4692 0.77629
0.30442 0.97145 0.83902 3.1818 5.8608 0.26476
0.24623 1.1897 0.064935 2.2778 1.5724 0.71676
0.34003 -0.88439 0.95311 2.9461 3.2177 0.16686
0.53244 -0.32035 0.61174 2.4426 3.676 0.75383
0.62625 0.12549 0.54956 3.792 2.7734 0.1563
0.28403 1.1693 0.68144 2.9722 6.1635 0.29391
0.43279 3.5959 0.45633 2.2982 3.1058 0.86385
0.56644 3.185 0.5903 2.6365 5.0342 0.55477
0.67257 4.1943 0.19016 3.2382 5.8156 0.65075
0.10823 2.9832 0.25907 2.2414 3.7454 0.91282
0.57053 2.2227 0.19343 3.3548 2.9767 0.68832
0.32741 3.2399 0.66477 1.9385 3.5275 0.57499
0.69913 0.27556 0.38936 2.052 4.9778 0.85877
0.23771 3.5079 0.37952 2.472 6.2738 0.54581
0.37661 2.4234 0.97653 2.261 3.2368 0.33718
0.78881 2.1208 0.5511 3.0675 5.4145 0.59575
0.69692 -0.19362 0.79113 3.1288 6.0599 0.94127
0.53305 -0.72983 0.098389 2.272 3.284 0.068644
0.49725 1.7232 0.86437 3.0516 3.2331 0.32543
0.26462 0.0039734 0.29084 3.1285 2.0696 0.15551
0.67503 -2.3815 0.28725 3.3474 2.624 0.1287
0.48126 1.5164 0.20273 2.1148 3.7964 0.32395
0.93565 -2.2021 0.38944 3.5093 2.9619 0.33603
0.46443 4.2506 0.31295 3.1245 5.6401 0.81086
0.33638 0.081301 0.31191 2.0634 4.1549 0.41869
0.40528 1.2022 0.12284 2.6005 2.0463 0.62095
0.52395 0.83841 0.94754 2.4788 4.1215 0.85318
0.18701 2.209 0.7279 2.5413 4.5289 0.45505
0.74899 2.7888 0.89588 2.3451 2.8248 0.59178
-0.12516 3.47 0.69999 3.2389 5.6834 0.19633
0.65311 -0.034121 0.89874 2.5815 4.7577 0.43725
0.59735 -0.31481 0.33714 2.1809 2.2911 0.785
1.0389 -3.4135 0.50587 2.075 4.1809 0.8626
0.61307 3.9735 0.026602 3.3506 6.2031 0.37593
0.5022 2.4154 0.24207 3.1689 2.6216 0.32288
0.44664 3.1098 0.80264 3.0732 3.2512 0.48495
0.48964 -3.1053 0.3354 2.2185 2.7357 0.67786
0.50266 2.4989 0.26449 2.4382 3.4029 0.52845
0.20026 4.4159 0.71655 3.3072 4.95 0.38784
0.71168 2.7061 0.42264 3.3042 5.409 0.042463
0.73349 -1.9191 0.33871 2.4444 5.8096 0.44226
0.76704 1.7659 0.49547 2.9103 3.6037 0.32442
0.50288 -1.0363 0.96673 3.391 1.9267 0.6122
0.52774 3.4241 0.1826 2.2883 3.0096 0.44056
0.45113 5.3994 0.81051 3.0384 2.0394 0.70694
0.89479 2.2673 0.073983 2.4457 2.0642 0.00090113
0.33247 -0.71306 0.17891 2.2081 6.1587 0.79192
0.33716 1.8515 0.83244 2.328 5.7778 0.50719
0.023901 -0.42572 0.57439 3.0054 4.5639 0.94158
0.6673 3.0223 0.61963 3.0894 4.6172 0.65431
0.5633 4.0354 0.15447 2.7187 5.7049 0.59204
0.60508 0.365 0.08616 2.4739 3.9922 0.57347
0.53729 -1.5556 0.81156 2.9393 4.2551 0.44604
0.43629 0.26941 0.16418 3.2515 4.9147 0.25084
0.47369 -0.23416 0.31675 2.172 4.4011 0.089216
0.44687 1.2345 0.35275 3.379 6.2805 0.43544
0.39859 -1.4611 0.86712 2.9472 4.9632 0.39826
0.48073 0.93119 0.46068 2.6997 4.1414 0.90036
0.30967 2.3901 0.97197 3.1337 4.6549 0.46074
0.44344 2.0034 0.96877 2.3309 5.8527 0.59267
0.88305 1.2971 0.54046 2.244 2.5288 0.61722
0.81302 0.19827 0.65679 3.1294 5.1139 0.32682
0.3944 0.33706 0.99902 3.1925 3.2306 0.29609
0.62345 1.7681 0.047005 2.2796 5.483 0.89623
0.71076 0.63702 0.0016312 2.687 2.539 0.64171
0.80581 -1.4188 0.67793 3.2435 4.9811 0.56943
0.35521 5.6825 0.81134 2.572 4.2264 0.60822
0.2787 2.4516 0.63655 3.0997 2.3052 0.29806
0.55051 1.8344 0.98038 2.2757 6.1873 0.3671
0.28496 -0.68576 0.20316 3.3209 2.7921 0.59116
0.72898 1.6433 0.41475 2.1949 5.3089 0.020099
0.50156 2.7149 0.39599 3.1173 3.8164 0.77334
0.63883 5.9363 0.75666 2.4699 6.2185 0.47422
0.26075 4.5691 0.98828 2.2791 5.6882 0.4198
0.82362 -1.229 0.34548 3.1008 5.1341 0.37085
0.20803 -0.62772 0.042299 3.1761 5.6931 0.45782
0.75726 -0.66212 0.27159 3.0681 1.7335 0.16761
0.38387 2.0127 0.55576 2.3133 4.2462 0.30651
0.56744 -2.798 0.69959 3.1015 5.7104 0.23751
0.91044 1.201 0.7858 2.1162 4.9792 0.94976
0.35846 1.9965 0.60499 2.3693 2.3398 0.70761
0.58647 -0.6785 0.29513 2.5711 4.189 0.51901
0.5006 2.7581 0.82008 3.368 4.2519 0.51329
0.0095839 2.2968 0.15791 3.2853 3.7413 0.34727
0.67316 3.3299 0.40721 2.6782 3.8952 0.076428
0.82489 3.4707 0.6365 2.5533 5.684 0.91854
0.55653 5.8915 0.53893 2.0492 2.4059 0.5887
0.59962 -0.67837 0.98377 3.1327 2.9062 0.58898
0.99165 -3.6499 0.008599 3.1477 4.6932 0.4915
0.81869 2.5951 0.094405 3.2705 3.0171 0.2885
0.28861 1.4041 0.53594 3.1606 5.7567 0.10184
0.6809 0.33418 0.00021885 2.2429 4.1807 0.56353
0.44524 3.2171 0.47298 2.9821 4.0523 0.44856
0.64568 1.6804 0.95614 3.3087 4.253 0.53087
0.36592 0.62294 0.74533 3.2433 5.6273 0.71755
0.85683 -2.1537 0.23125 3.255 2.6452 0.4856
-0.06607 4.5258 0.44977 2.2904 4.0899 0.41016
0.47675 -1.7532 0.14957 2.6116 2.1481 0.97566
0.17792 2.6577 0.086039 2.9041 3.6169 0.45844
0.47069 4.0929 0.93241 2.1331 4.3202 0.5498
0.61559 3.7559 0.145 3.1351 1.6742 0.93589
0.76556 0.63141 0.88049 3.2881 3.846 0.24674
0.82923 2.9523 0.36929 3.1331 6.0834 0.40798
0.51891 7.9557 0.18106 2.2979 3.809 0.58539
-0.018379 2.0941 0.074645 2.3047 2.2587 0.45415
0.67733 3.6562 0.27698 3.0689 5.3846 0.40284
0.41902 3.1245 0.34785 2.1959 2.2963 0.52552
0.63162 1.7757 0.11925 3.2154 4.1485 0.74253
0.61165 -1.3137 0.24935 2.2266 5.8998 0.12017
0.66789 4.3001 0.53097 3.0464 6.1402 0.91944
0.5677 2.4107 0.1238 2.177 4.8237 0.81628
0.38857 1.7837 0.23817 2.3016 5.3953 0.60184
0.38496 -0.18324 0.39673 2.9344 5.384 0.8545
0.99959 4.166 0.68888 3.1935 2.952 0.53576
0.010924 1.4141 0.42556 2.3416 6.1973 0.46625
0.41198 -3.5592 0.19188 3.1868 5.4565 0.54937
0.37463 0.21924 0.77178 2.2721 3.2084 0.35593
0.55302 2.5439 0.73147 3.2344 2.5574 0.10402
0.55104 1.4522 0.70284 2.1526 2.5861 0.17419
0.96652 -0.72436 0.033901 2.4238 3.0309 0.19395
0.32867 -1.4497 0.60344 2.3746 1.7851 0.46147
0.56352 -3.7047 0.1542 2.8167 4.1277 0.0095235
0.5896 2.5279 0.2099 3.128 3.9924 0.36724
0.12798 5.4091 0.85968 3.3897 5.6964 0.81571
0.43822 3.0597 0.21471 3.6588 2.5046 0.50198
0.53933 1.7115 0.68891 2.2424 3.2909 0.4857
0.22064 3.6141 0.18096 2.995 3.2871 0.71809
0.23617 -0.77291 0.70202 3.3396 2.6923 0.53878
0.24829 -0.61955 0.25947 2.874 2.9439 0.51905
0.38349 -0.043908 0.15332 2.3747 3.979 0.0052506
0.63449 0.9931 0.27731 2.3856 4.0306 0.48777
0.204 4.2734 0.64865 2.4794 4.1348 0.40678
0.59754 1.6009 0.23578 2.875 3.2258 0.94395
0.62231 0.13224 0.85014 2.9955 4.9497 0.37074
0.27947 1.5388 0.40629 2.4043 3.9268 0.11647
0.58242 -2.3097 0.80178 2.9219 3.7935 0.048988
0.64074 4.3392 0.92246 3.2409 4.0356 0.46161
0.87824 -0.93704 0.48447 2.2279 4.5595 0.42384
0.06167 0.37451 0.22588 3.0511 4.258 0.38904
0.44453 2.7926 0.86405 2.803 3.7299 0.30748
0.20178 -2.1087 0.65627 3.3572 2.0132 0.72119
0.71821 3.3248 0.28511 2.3803 2.0616 0.42902
-0.016688 2.1589 0.38027 2.2079 2.4179 0.62745
0.28582 0.39421 0.065641 2.6283 3.2453 0.2188
0.2512 2.8038 0.034333 3.0025 5.891 0.021473
0.71418 2.2776 0.40672 2.7853 2.8643 0.46501
0.28348 3.3878 0.055377 2.7347 2.6247 0.84004
0.54822 2.2239 0.16587 2.493 6.1948 0.11259
0.66416 -1.0725 0.082192 3.4296 6.0959 0.36356
0.46316 2.1364 0.79645 3.084 5.5044 0.55064
-0.0067241 1.7767 0.52748 3.3135 6.2794 0.7128
0.39663 2.6232 0.96161 2.2314 4.3307 0.75463
0.8132 1.3155 0.74141 2.2604 2.0199 0.28706
0.72228 2.1731 0.66707 3.2743 3.4464 0.56546
0.243 2.1969 0.43849 3.1382 2.023 0.39492
0.52428 -0.40158 0.35441 2.2933 5.471 0.55448
0.24953 -3.1376 0.42075 3.2902 4.6131 0.63258
0.54874 3.0119 0.80374 3.0633 6.0493 0.47301
0.93275 -0.39338 0.047833 2.559 2.0096 0.47221
0.63054 -1.0476 0.87627 3.0728 3.9658 0.52977
0.38126 2.9477 0.16604 2.3801 5.7576 0.55593
0.64643 -0.13668 0.94641 2.1052 4.9067 0.11743
0.62908 0.69143 0.47598 2.452 5.7876 0.12344
1.0405 -1.8751 0.026316 2.2488 4.5321 0.88296
0.20679 -1.1823 0.35803 2.3137 1.5921 0.33244
0.72396 0.032122 0.89731 3.2766 2.2329 0.47233
0.40451 2.1174 0.10748 2.7399 5.9013 0.24527
0.1987 0.76018 0.83175 2.1099 3.8778 0.17543
0.20915 -2.8664 0.59086 2.1723 2.0599 0.42544
0.96144 0.093683 0.40256 3.0122 3.0619 0.017183
0.079049 2.225 0.44585 2.1798 3.7008 0.38792
0.41211 2.684 0.49108 2.1035 4.0122 0.39669
0.38151 3.3372 0.71429 2.5679 1.7093 0.48681
0.80451 0.17772 0.63641 2.4764 5.6173 0.45956
0.62923 5.3307 0.46233 3.0211 1.7246 0.6366
0.93768 4.8336 0.66098 2.2571 1.8434 0.84278
0.28533 0.55493 0.9969 2.2604 5.2427 0.32516
0.48609 -2.5874 0.23854 2.591 2.4181 0.51451
0.21832 -0.5237 0.66076 2.2924 4.2087 0.67891
0.81183 1.018 0.21881 3.3137 5.0021 0.082289
1.0584 1.3172 0.575 3.228 5.1454 0.6015
0.79246 3.0124 0.57888 2.4428 5.8827 0.63255
0.37449 1.094 0.28759 2.865 2.1543 0.24314
0.50772 2.3321 0.63898 2.2494 4.4419 0.70871
0.46443 -1.7604 0.78009 2.8174 4.2426 0.85859
0.61117 5.0623 0.53813 2.4245 2.1114 0.23233
0.22903 2.37 0.49828 3.0412 5.1658 0.87193
1.0629 2.4261 0.62422 3.1877 5.9055 0.16561
0.67594 3.35 0.48044 2.1377 6.2114 0.79597
0.5756 3.8111 0.91911 3.0211 5.3164 0.5316
0.29336 0.87656 0.10684 3.1702 4.0052 0.59965
0.60105 -1.0677 0.12309 3.0002 5.3679 0.53976
0.66221 2.1627 0.9599 3.2014 4.0379 0.15815
0.39769 -0.98445 0.92103 1.8649 5.5742 0.76404
0.49602 -0.2147 0.50713 2.4098 2.9379 0.59099
0.12143 -0.57936 0.69838 3.2296 2.8852 0.76708
0.32131 5.6029 0.34543 2.4669 5.8977 0.41586
0.52558 1.9759 0.21103 2.5344 1.7893 0.044211
0.36579 4.105 0.70826 2.3972 5.9946 0.0027159
0.37501 -2.7456 0.054876 2.4824 4.9091 0.55339
0.89475 0.96919 0.30197 2.9767 5.504 0.83531
0.31675 6.6151 0.68728 3.0416 6.0145 0.63702
0.53618 3.8835 0.33968 2.2437 3.9004 0.69324
0.34204 2.2598 0.41709 2.0916 3.5201 0.97189
0.52189 -0.83923 0.56847 3.3312 5.0867 0.81984
0.14624 3.5141 0.77611 2.7046 4.8516 0.48142
-0.11942 0.87715 0.17043 2.7906 1.9815 0.14192
1.1894 -1.4095 0.50791 2.647 6.2238 0.52694
0.31545 -0.34618 0.35112 3.4371 6.0021 0.43561
0.50766 -1.4773 0.32042 2.7573 4.1184 0.9975
0.83504 1.8926 0.79499 3.0938 2.3506 0.35787
0.50559 -0.27045 0.71822 3.3619 2.8229 0.071361
0.39424 2.2377 0.57082 3.1709 1.6087 0.48218
0.48643 0.54736 0.77943 3.1646 3.2706 0.36394
0.22145 -1.1786 0.38647 2.2018 2.2901 0.064003
0.85466 3.0447 0.8356 2.4163 3.9239 0.64054
0.29586 0.21649 0.53657 3.5358 4.0018 0.71748
0.51405 0.72797 0.16808 2.9684 6.0563 0.55375
0.38022 -0.45586 0.49022 2.2818 1.7964 0.86352
0.6291 -0.39464 0.99562 3.0119 3.7067 0.83712
0.25164 3.7225 0.70645 2.1916 1.7817 0.48805
0.70887 -3.4186 0.43179 2.545 1.7786 0.21666
-0.028913 -1.6013 0.11113 3.1169 2.2027 0.28391
0.41616 1.8065 0.99364 3.1427 2.0075 0.7727
1.1365 -1.2757 0.84392 2.3473 5.2986 0.89819
