0.70307
0.45207
0.7733
0.39457
0.38412
0.29817
0.14511
0.66937
0.65309
0.95393
0.017943
0.7434
0.84718
0.026256
0.45583
0.10543
0.7819
0.49023
0.94345
0.88233
0.81564
0.89353
0.67644
0.27502
0.74805
0.43834
0.3757
0.4722
0.50831
0.1624
0.048099
0.34645
0.16996
0.45847
0.36142
0.63824
0.76001
0.23447
0.15025
0.12205
0.56108
0.14703
0.54585
0.044963
0.27076
0.31222
0.19905
0.76801
0.51711
0.060982
0.7762
0.27657
0.57666
0.63523
0.75156
0.53566
0.17918
0.19164
0.9142
0.025814
0.17293
0.76603
0.49952
0.050585
0.22069
0.31995
0.50146
0.88564
0.77415
0.78656
0.67466
0.65213
0.95552
0.30942
0.20479
0.21372
0.93066
0.10424
0.32902
0.62031
0.47187
0.71216
0.60051
0.29127
0.90943
0.50167
0.8282
0.84703
0.45916
0.89404
0.43494
0.65948
0.79313
0.70197
0.15638
0.094281
0.70753
0.76524
0.57078
0.76625
0.521
0.2673
0.76289
0.031057
0.46322
0.84452
0.2892
0.65393
0.45978
0.031181
0.29306
0.63223
0.83144
0.51273
0.20304
0.0058705
0.39366
0.69422
0.7621
0.63586
0.88309
0.81399
0.8285
0.51055
0.56442
0.6689
0.10576
0.43613
0.46133
0.27406
0.48872
0.03983
0.40869
0.77466
0.96588
0.20771
0.030969
0.0161
0.21405
0.92855
0.67664
0.6867
0.78267
0.47103
0.87776
0.60455
0.25362
0.78167
0.15109
0.49927
0.44108
0.84838
0.42438
0.3699
0.1178
0.25911
0.81602
0.34531
0.15351
0.89199
0.62935
0.82691
0.084143
0.9157
0.55694
0.41407
0.032613
0.053279
0.62881
0.90852
0.4432
0.60097
0.58014
0.63971
0.34323
0.56015
0.28995
0.99546
0.44135
0.7993
0.57465
0.1053
0.059406
0.64723
0.73646
0.31349
0.33852
0.81161
0.12374
0.74792
0.32418
0.17361
0.7535
0.32944
0.64502
0.22965
0.675
0.63389
0.11844
0.08445
0.19575
0.43977
0.51007
0.24316
0.67808
0.049807
0.78836
0.99408
0.21871
0.59817
0.19656
0.68805
0.20195
0.8196
0.80321
0.54317
0.73201
0.93016
0.37755
0.33458
0.63667
0.060551
0.035221
0.42241
0.4933
0.062934
0.096637
0.79516
0.77657
0.99838
0.6581
0.39219
0.41984
0.24393
0.038851
0.85554
0.24898
0.52237
0.59465
0.63244
0.58873
0.66454
0.095464
0.55508
0.7404
0.17273
0.40606
0.85065
0.28228
0.90578
0.22662
0.074973
0.11223
0.19692
0.13185
0.76687
0.82886
0.26744
0.51965
0.68731
0.32181
0.82777
0.21787
0.61581
0.054475
0.067588
0.035319
0.85507
0.53018
0.24598
0.9383
0.81328
0.49059
0.61047
0.26945
0.13547
0.65139
0.63677
0.58786
0.12959
0.37752
0.028255
0.33631
0.38071
0.99404
0.43279
0.043527
0.42775
0.108
0.79714
0.27405
0.59113
0.84162
0.44112
0.87078
0.61523
0.54698
0.32579
0.96485
0.058711
0.67129
0.44079
0.95388
0.52857
0.36272
0.96228
0.3761
0.41219
0.76934
0.94503
0.76592
0.60099
0.74813
0.047398
0.62063
0.064477
0.42583
0.30292
0.2037
0.17956
0.93784
0.99627
0.4567
0.81018
0.36403
0.10647
0.30781
0.21005
0.7524
0.40929
0.51845
0.89218
0.24181
0.34591
0.92522
0.54768
0.4133
0.12981
0.67644
0.46514
0.38755
0.66871
0.1094
0.41977
0.47521
0.58445
0.77087
0.71769
0.47754
0.58002
0.10858
0.52279
0.3657
0.75384
0.75713
0.90386
0.91667
0.61382
0.83418
0.92797
0.51592
0.90583
0.79074
0.33445
0.82685
0.046868
0.55817
0.015859
0.42488
0.81157
0.82234
0.37077
0.27315
0.46028
0.53365
0.97969
0.96313
0.20764
0.68384
0.0004551
0.90586
0.82582
0.18508
0.73285
0.7445
0.27854
0.024076
0.31352
0.21213
0.22394
0.049074
0.91809
0.042818
0.63577
0.61637
0.80061
0.48068
0.80914
0.73339
0.53822
0.018325
0.83554
0.54202
0.74692
0.17322
0.070515
0.20732
0.070173
0.38612
0.4332
0.82848
0.47683
0.61309
0.80301
0.19001
0.98022
0.26388
0.95645
0.13933
0.12626
0.33727
0.36859
0.45607
0.81377
0.37344
0.11765
0.38296
0.045645
0.28441
0.7786
0.82091
0.68291
0.16881
0.9001
0.85787
0.61601
0.069746
0.070547
0.20236
0.080548
0.051782
0.98833
0.18407
0.73442
0.85502
0.4946
0.87352
0.4547
0.36519
0.1402
0.55788
0.63409
0.29323
0.0093004
0.26792
0.69313
0.78489
0.80129
0.81898
0.69401
0.96625
0.39886
0.87694
0.68591
0.90661
0.0061421
0.51392
0.059087
0.11041
0.27329
0.57901
0.76776
0.074671
0.59273
0.75751
0.67873
0.29813
0.76549
0.22781
0.10249
0.34252
0.6571
0.26625
0.69436
0.25745
0.88851
0.8523
0.61579
0.53231
0.12157
0.79927
0.70991
0.71226
0.29311
0.99155
0.53106
0.27144
0.87518
0.64834
0.5301
0.68179
0.15915
0.33241
0.068434
0.53406
0.58548
0.7446
0.0038878
0.88286
0.44379
0.91322
0.11375
0.37409
0.15937
0.20497
0.65545
0.49976
0.32297
0.45919
0.54213
0.95886
0.35189
0.089002
0.37382
0.33569
0.26838
0.62169
0.78176
0.13873
0.76551
0.35243
0.47167
0.66607
0.51
0.18411
0.8226
0.36449
0.55604
0.66806
0.54353
0.00072834
0.08531
0.81356
0.22585
0.33498
0.22433
0.82966
0.87613
0.2025
0.29755
0.24193
0.58519
0.19539
0.61211
0.3214
0.63332
0.72618
0.44752
0.17472
0.99363
0.62989
0.81725
0.99501
0.50945
0.27653
0.90761
0.36213
0.91384
0.056829
0.53586
0.00083649
0.18562
0.89454
0.24633
0.49558
0.2702
0.77339
0.17503
0.11688
0.63172
0.47325
0.37201
0.67186
0.284
0.22718
0.38189
0.93532
0.80429
0.96412
0.94405
0.84339
0.13355
0.11631
0.0623
0.058765
0.052432
0.73303
0.34695
0.71101
0.70115
0.70668
0.69708
0.75513
0.497
0.13367
0.37497
0.37831
0.024071
0.1328
0.47175
0.19876
0.23701
0.79691
0.69485
0.66614
0.173
0.52145
0.43445
0.76302
0.99539
0.48383
0.36063
0.58116
0.55903
0.54576
0.99545
0.89766
0.29824
0.19144
0.10724
0.069188
0.022269
0.073597
0.72279
0.98571
0.18235
0.67687
0.33321
0.40659
0.26082
0.53813
0.84815
0.19796
0.72688
0.70379
0.051759
0.52478
0.76676
0.30522
0.57698
0.53309
0.41303
0.88962
0.90815
0.63708
0.27882
0.78036
0.26522
0.23009
0.30068
0.88164
0.019379
0.31857
0.085308
0.50189
0.25504
0.87721
0.2148
0.35463
0.14599
0.23593
0.448
0.0011617
0.43102
0.33954
0.96242
0.93463
0.59852
0.79506
0.9482
0.48152
0.80495
0.82216
0.090854
0.18068
0.27867
0.48766
0.2489
0.83682
0.94265
0.31586
0.31511
0.46335
0.14565
0.57536
0.68862
0.24761
0.97445
0.40842
0.91294
0.41116
0.72878
0.63574
0.30395
0.30859
0.91389
0.46969
0.88525
0.82325
0.84998
0.711
0.97619
0.69991
0.26894
0.81132
0.85653
0.55975
0.26547
0.091749
0.78453
0.3039
0.68198
0.61915
0.67735
0.62387
0.46934
0.84211
0.067071
0.59847
0.94473
0.78774
0.98588
0.26334
0.86426
0.12615
0.52793
0.94332
0.49996
0.58261
0.66101
0.57672
0.13569
0.51357
0.50612
0.49602
0.93058
0.80619
0.93789
0.78194
0.60969
0.88276
0.48579
0.22813
0.66969
0.30633
0.73586
0.96936
0.27725
0.66951
0.76261
0.50216
0.14323
0.37608
0.46016
0.79999
0.010047
0.59043
0.9181
0.57792
0.011429
0.37281
0.29887
0.23086
0.74865
0.57641
0.83902
0.064935
0.95311
0.61174
0.54956
0.68144
0.45633
0.5903
0.19016
0.25907
0.19343
0.66477
0.38936
0.37952
0.97653
0.5511
0.79113
0.098389
0.86437
0.29084
0.28725
0.20273
0.38944
0.31295
0.31191
0.12284
0.94754
0.7279
0.89588
0.69999
0.89874
0.33714
0.50587
0.026602
0.24207
0.80264
0.3354
0.26449
0.71655
0.42264
0.33871
0.49547
0.96673
0.1826
0.81051
0.073983
0.17891
0.83244
0.57439
0.61963
0.15447
0.08616
0.81156
0.16418
0.31675
0.35275
0.86712
0.46068
0.97197
0.96877
0.54046
0.65679
0.99902
0.047005
0.0016312
0.67793
0.81134
0.63655
0.98038
0.20316
0.41475
0.39599
0.75666
0.98828
0.34548
0.042299
0.27159
0.55576
0.69959
0.7858
0.60499
0.29513
0.82008
0.15791
0.40721
0.6365
0.53893
0.98377
0.008599
0.094405
0.53594
0.00021885
0.47298
0.95614
0.74533
0.23125
0.44977
0.14957
0.086039
0.93241
0.145
0.88049
0.36929
0.18106
0.074645
0.27698
0.34785
0.11925
0.24935
0.53097
0.1238
0.23817
0.39673
0.68888
0.42556
0.19188
0.77178
0.73147
0.70284
0.033901
0.60344
0.1542
0.2099
0.85968
0.21471
0.68891
0.18096
0.70202
0.25947
0.15332
0.27731
0.64865
0.23578
0.85014
0.40629
0.80178
0.92246
0.48447
0.22588
0.86405
0.65627
0.28511
0.38027
0.065641
0.034333
0.40672
0.055377
0.16587
0.082192
0.79645
0.52748
0.96161
0.74141
0.66707
0.43849
0.35441
0.42075
0.80374
0.047833
0.87627
0.16604
0.94641
0.47598
0.026316
0.35803
0.89731
0.10748
0.83175
0.59086
0.40256
0.44585
0.49108
0.71429
0.63641
0.46233
0.66098
0.9969
0.23854
0.66076
0.21881
0.575
0.57888
0.28759
0.63898
0.78009
0.53813
0.49828
0.62422
0.48044
0.91911
0.10684
0.12309
0.9599
0.92103
0.50713
0.69838
0.34543
0.21103
0.70826
0.054876
0.30197
0.68728
0.33968
0.41709
0.56847
0.77611
0.17043
0.50791
0.35112
0.32042
0.79499
0.71822
0.57082
0.77943
0.38647
0.8356
0.53657
0.16808
0.49022
0.99562
0.70645
0.43179
0.11113
0.99364
0.84392
