-1.1946
2.2438
-0.48689
0.39246
0.17223
2.7497
0.20307
-2.8438
-1.1572
4.4429
3.6337
1.7541
4.6099
0.72119
3.6909
-2.1272
-0.98919
1.0575
-0.81226
1.052
0.10244
-0.46744
0.65485
0.44262
-0.62303
1.2414
-0.94096
1.6685
1.1987
4.9441
0.99762
3.9
3.3862
1.6748
-2.3831
-1.4982
3.742
1.9707
-2.2152
0.91692
0.81305
0.26387
-3.2439
4.6433
1.3151
1.8646
-1.5064
1.7026
0.082738
-0.74316
1.532
-0.14105
-0.39691
1.9912
3.0109
0.90611
1.572
-1.5772
-0.69238
-0.87386
1.3052
3.995
0.063842
0.097467
-0.42375
3.405
-0.72327
1.7551
0.89862
-0.33541
0.15265
1.9927
7.6049
-0.24858
-0.61693
2.4063
2.1952
3.4096
4.2014
1.3099
1.0294
1.5941
0.95624
2.6542
1.8589
2.0572
5.1501
5.5831
1.393
1.3571
-2.3289
1.8141
2.5711
1.1718
0.53941
-1.8962
1.2591
0.3241
2.4521
-3.5427
0.76074
-1.0682
-2.3286
2.2845
-0.69493
0.4416
-1.7309
-1.0299
0.94733
1.9536
-0.58155
-1.3279
4.5041
-2.9157
3.8764
0.032652
5.1549
1.4356
-0.53387
-0.80844
-2.2987
0.55792
1.4704
0.7359
1.8723
4.7057
0.929
3.813
-0.53519
3.032
1.09
0.7602
2.2505
2.0094
1.8689
-1.7503
1.0284
-1.9879
2.899
-0.68975
0.013764
3.486
3.0362
3.423
1.8858
-0.78191
1.079
0.18176
-1.5824
1.3691
3.4813
4.7377
-2.4519
3.6513
4.3218
-2.025
-2.8965
2.4924
2.577
0.52385
3.3935
-0.44962
3.5872
3.0441
-0.36959
-0.67415
3.1372
5.8618
0.85048
3.7916
1.9988
-2.2674
-0.11106
3.7412
4.578
-1.1251
1.1601
-0.37875
-3.1725
-1.096
-0.02411
0.5995
1.8298
4.9609
0.83407
1.8215
-1.5936
-3.8634
-1.6092
1.5571
1.5725
0.12659
3.3484
2.8128
0.43483
2.8482
1.4591
-4.5172
-2.6777
2.3965
1.8203
4.9772
0.47874
-1.5725
-0.35939
-0.84195
-1.2587
-1.2959
-2.1543
1.4239
1.8241
2.9434
0.14441
4.1209
-0.66055
3.6865
2.2442
2.2627
-1.9926
0.59791
-0.16554
2.3536
4.6717
1.9789
0.039385
-0.47693
-0.63216
0.4963
-0.26292
0.085867
1.2646
-1.268
2.3178
0.65801
3.4437
3.7151
1.1369
0.10945
-0.070566
-0.25772
1.8734
-0.40348
-1.7094
2.5546
-0.92197
-0.27954
0.76015
0.93036
0.34603
0.34774
-0.59636
2.0596
-0.4129
2.6639
-3.7278
3.3111
-0.45267
2.3762
-5.0165
-3.3929
-0.33442
-0.61408
0.4825
3.7646
0.91868
3.092
0.56032
2.4151
2.063
2.0235
5.5406
6.6384
0.56216
4.3514
-1.2811
-1.1312
-2.3166
-0.051404
1.9979
3.0234
1.7562
2.5362
2.739
2.1671
1.0931
0.23665
5.1595
0.87923
2.6558
-2.7818
-3.757
2.5777
-0.83139
3.1057
4.2192
-2.5229
4.6522
2.4032
2.3
0.54615
0.92464
-0.051281
0.44336
2.3022
0.78375
1.6234
1.2307
-0.75527
1.2414
-2.3122
-1.7418
1.4345
-0.77655
0.79689
0.27129
1.3013
-2.4371
-1.0877
0.027042
3.0772
3.2561
1.8253
1.3748
2.6817
0.57965
2.7472
-1.4752
0.75542
2.7841
3.1923
-2.3896
1.1629
-2.2387
1.7571
-1.2061
0.97362
2.2773
3.3757
-0.055775
-3.0381
1.3419
4.1064
-2.4228
4.7842
-0.43836
1.0349
-0.40422
-1.2271
0.77007
2.0273
3.7941
-1.1484
0.072043
-0.76603
1.1005
-1.421
0.46805
1.6271
0.55164
1.2768
0.33435
0.44493
2.2477
0.58083
-0.76868
2.9996
3.3215
2.4316
8.2176
-0.43273
3.8943
-1.4527
-0.57869
2.8142
1.2793
1.4523
3.2956
0.54202
0.69515
-0.18184
3.6163
2.0465
-1.8958
1.9184
1.0791
1.4981
1.6292
0.21578
4.1139
-1.2483
0.1817
0.396
4.824
3.5104
0.43804
3.8259
3.876
1.0675
-0.67215
1.7262
-1.8677
3.3995
-0.40524
3.6249
2.9242
5.7937
1.1845
0.65507
0.34413
0.64043
4.4378
1.4168
0.70874
-1.496
-2.5262
4.1684
1.0817
2.6474
0.29061
0.59298
2.6539
1.5917
0.64836
1.9218
-0.56661
1.1192
-0.30139
0.26684
2.7877
-1.2414
2.7525
-1.9868
-1.5961
3.3948
2.5477
-1.0948
-1.2539
-1.2202
0.2297
1.7625
3.8479
3.1235
4.7394
1.5062
-1.4003
3.2835
3.3536
1.7206
0.76578
3.3637
0.8177
1.4844
-2.4983
1.846
1.2155
2.9781
0.13394
-0.61703
2.9168
0.24131
-0.85193
1.7824
2.5837
-0.50314
1.9499
0.79616
3.6112
-2.226
-3.487
2.1599
1.8707
1.7934
3.8555
0.20519
0.75236
1.0956
-1.7856
2.4136
-0.15929
0.53257
0.328
3.7153
-1.2957
1.5289
-0.72391
-2.4238
1.106
2.3965
-0.28225
1.4328
-0.16561
-0.30425
1.3651
-0.91829
-1.7452
1.7437
-0.023128
2.1038
-3.2764
1.6303
-2.2546
3.4068
-1.4582
1.3674
1.9321
2.2464
2.4782
1.9683
1.4645
-0.059106
-0.87943
-2.5735
1.9824
-1.7715
1.4871
5.1561
2.0907
2.8111
-1.0981
-0.6581
-1.4501
1.2567
2.7453
-0.056639
1.1985
1.0396
0.36557
0.15491
-0.57863
1.7701
0.69326
4.3277
1.5857
-1.9105
-1.3581
-1.5269
2.0137
1.3421
-0.68863
1.1568
3.7382
3.7677
1.519
0.41735
0.53915
-0.42485
-0.040012
-0.92391
2.1769
-1.8523
-0.041774
1.3147
1.3055
1.9846
0.10311
2.0837
1.2204
3.1135
5.4287
-0.0010717
-0.49409
1.3944
2.5019
-2.3031
4.0895
4.8069
0.49748
-1.0718
0.091907
2.5985
-1.9633
4.2466
-3.3687
1.764
2.979
1.1585
-0.94105
3.6667
-2.2504
-0.91061
0.70776
-0.10866
0.43665
3.6666
0.082688
1.4538
1.0085
1.802
3.1067
0.84062
-1.7624
0.2166
2.703
1.7528
-1.3139
-0.21894
0.38234
1.0674
-0.93527
-0.2202
3.323
-0.64841
2.2142
1.0353
0.99025
-0.045607
-1.7799
0.69044
1.5733
0.54533
1.6376
3.1494
1.3727
3.785
-0.23062
3.8009
4.5319
-0.51842
2.9813
3.7437
1.6088
-2.6556
0.20929
0.53907
1.559
1.023
3.5544
2.3166
0.046231
2.8288
-2.1255
-0.31601
3.6345
0.10054
1.2348
1.914
1.9089
-1.2844
1.9219
-1.3954
6.5315
-0.12669
2.6014
1.1106
2.2559
-0.073817
0.80967
1.7705
1.3441
0.53296
5.7283
0.84384
2.9987
0.98403
1.7618
1.4313
1.7116
-0.48461
-1.9569
-1.2283
2.1588
-0.47087
2.6474
0.93625
-0.65502
-1.2764
-0.49279
0.0427
-2.5962
0.54579
0.12016
-0.085152
0.66511
-1.98
0.93167
4.1892
2.2495
3.2896
3.0054
4.2016
-0.51475
-1.4613
0.41069
1.1926
1.8358
1.3921
-1.3124
2.2512
0.7272
-2.7456
-0.90694
2.9305
-0.39789
0.33783
1.2828
2.7244
3.3613
-0.8665
2.5594
-0.17223
-2.0373
2.0366
-0.26535
-1.3697
-1.4969
2.3974
1.4162
0.98806
1.6477
5.5742
2.7841
1.7121
2.2978
1.4655
-0.017654
2.8887
0.69964
-0.12885
1.6023
0.53339
1.1121
-0.25929
2.6311
3.4088
-0.013848
3.7103
-0.41796
1.8056
-0.17747
1.5309
1.3503
-1.6978
3.5267
1.9965
0.95636
-1.6649
1.4151
3.1209
0.5677
-2.3764
-1.1951
1.6622
-1.6612
1.6858
0.79938
0.26884
2.2465
1.7027
-0.60687
-2.0343
1.2622
1.7112
1.8129
-1.6135
-0.73894
0.91898
1.2559
0.30057
-1.0017
2.8407
0.13333
1.0568
2.0927
2.448
3.571
1.7136
1.9541
1.8444
-0.22294
0.56651
-1.5217
4.861
1.9933
3.8528
0.82257
0.97145
1.1897
-0.88439
-0.32035
0.12549
1.1693
3.5959
3.185
4.1943
2.9832
2.2227
3.2399
0.27556
3.5079
2.4234
2.1208
-0.19362
-0.72983
1.7232
0.0039734
-2.3815
1.5164
-2.2021
4.2506
0.081301
1.2022
0.83841
2.209
2.7888
3.47
-0.034121
-0.31481
-3.4135
3.9735
2.4154
3.1098
-3.1053
2.4989
4.4159
2.7061
-1.9191
1.7659
-1.0363
3.4241
5.3994
2.2673
-0.71306
1.8515
-0.42572
3.0223
4.0354
0.365
-1.5556
0.26941
-0.23416
1.2345
-1.4611
0.93119
2.3901
2.0034
1.2971
0.19827
0.33706
1.7681
0.63702
-1.4188
5.6825
2.4516
1.8344
-0.68576
1.6433
2.7149
5.9363
4.5691
-1.229
-0.62772
-0.66212
2.0127
-2.798
1.201
1.9965
-0.6785
2.7581
2.2968
3.3299
3.4707
5.8915
-0.67837
-3.6499
2.5951
1.4041
0.33418
3.2171
1.6804
0.62294
-2.1537
4.5258
-1.7532
2.6577
4.0929
3.7559
0.63141
2.9523
7.9557
2.0941
3.6562
3.1245
1.7757
-1.3137
4.3001
2.4107
1.7837
-0.18324
4.166
1.4141
-3.5592
0.21924
2.5439
1.4522
-0.72436
-1.4497
-3.7047
2.5279
5.4091
3.0597
1.7115
3.6141
-0.77291
-0.61955
-0.043908
0.9931
4.2734
1.6009
0.13224
1.5388
-2.3097
4.3392
-0.93704
0.37451
2.7926
-2.1087
3.3248
2.1589
0.39421
2.8038
2.2776
3.3878
2.2239
-1.0725
2.1364
1.7767
2.6232
1.3155
2.1731
2.1969
-0.40158
-3.1376
3.0119
-0.39338
-1.0476
2.9477
-0.13668
0.69143
-1.8751
-1.1823
0.032122
2.1174
0.76018
-2.8664
0.093683
2.225
2.684
3.3372
0.17772
5.3307
4.8336
0.55493
-2.5874
-0.5237
1.018
1.3172
3.0124
1.094
2.3321
-1.7604
5.0623
2.37
2.4261
3.35
3.8111
0.87656
-1.0677
2.1627
-0.98445
-0.2147
-0.57936
5.6029
1.9759
4.105
-2.7456
0.96919
6.6151
3.8835
2.2598
-0.83923
3.5141
0.87715
-1.4095
-0.34618
-1.4773
1.8926
-0.27045
2.2377
0.54736
-1.1786
3.0447
0.21649
0.72797
-0.45586
-0.39464
3.7225
-3.4186
-1.6013
1.8065
-1.2757
