1.1044
0.7092
0.27192
0.4937
0.58654
0.88008
0.63287
0.39803
0.55448
0.20861
0.51399
0.20533
0.51712
0.86235
0.29628
0.38299
0.69126
0.26226
0.67309
0.085462
0.14052
0.55354
0.59119
0.66123
0.67746
1.0297
0.84119
0.44032
0.74028
-0.014135
0.41735
0.61176
0.80586
0.38017
0.46609
0.44674
0.3203
0.14583
0.23763
1.0356
0.53874
0.62583
0.58248
0.52285
0.25062
0.52262
0.44273
0.60462
0.2108
0.72062
0.54333
0.23373
0.40958
0.22698
0.24734
0.53417
0.29285
0.48587
0.57735
0.66463
0.58178
0.39831
0.50128
0.82194
0.47055
0.13663
0.87493
0.85277
0.29326
0.74904
0.48646
0.69837
0.68848
0.07993
0.58828
0.2526
0.55209
0.34479
-0.059487
0.95558
0.23114
0.71252
0.76609
0.68256
0.43243
0.055159
0.48709
0.39808
0.68566
0.25564
0.55061
0.76844
0.25048
0.91303
0.36172
0.9275
0.76263
0.72883
1.1315
0.40845
0.81656
0.016152
-0.040978
0.41528
0.29901
0.30714
0.26961
0.77077
0.14931
0.11079
0.032338
0.87143
0.22699
0.57698
0.73026
0.24122
0.75645
0.43491
0.34417
-0.0012596
0.6832
0.7295
0.68612
0.47543
0.65236
1.1728
0.33592
0.52047
0.3374
0.44145
0.40071
0.54698
0.065873
0.51553
0.09629
0.71832
0.16439
0.27476
0.62283
0.58015
0.72857
0.32725
0.70217
0.32157
0.22669
0.4286
0.47237
0.52319
0.65562
0.3217
0.58381
0.63145
0.15845
0.31916
0.4544
-0.043485
0.061232
0.29973
0.54928
0.52723
0.36791
0.4738
0.21102
0.55468
0.71053
0.65733
0.8475
0.8124
0.31334
0.39778
0.91753
0.55648
0.68365
0.66701
0.59252
0.46692
0.52947
0.51478
0.62895
0.41469
0.87561
0.97826
0.45373
0.36934
0.77663
0.28039
0.1202
0.86074
0.70173
0.20517
0.40815
0.73511
0.31716
0.82525
0.55463
1.0082
0.30533
0.52184
0.45146
0.5986
0.9812
0.6276
0.42125
0.26398
0.2132
-0.013304
0.39525
0.1062
0.87798
0.45416
0.4264
0.072118
0.70846
0.1663
0.11618
1.0968
0.50286
0.56814
0.21942
0.93502
0.74799
-0.07998
0.5262
0.68636
0.21014
0.79657
0.53622
0.5349
0.49176
0.36053
0.25244
0.454
0.52814
0.06579
0.69856
0.56507
0.15248
0.29835
0.86262
0.68502
0.29563
0.36373
0.37668
0.1675
0.60356
0.26462
0.45797
0.54919
0.55216
0.31136
0.93842
0.8296
0.5845
0.76567
0.68878
0.10302
0.1905
0.52916
0.27082
0.2605
0.54125
0.40595
0.6998
0.4024
0.39502
0.37523
0.59081
0.51625
0.76338
0.6099
0.46208
0.75287
0.49071
0.75002
0.97368
0.3945
0.086334
0.6129
0.62979
0.98052
0.52917
0.75097
0.267
0.51036
0.28189
0.26923
0.61057
0.26585
0.81106
0.44429
0.51553
0.38733
0.64668
0.40679
0.42744
0.56152
0.64949
0.67552
0.67404
0.39832
0.4463
0.10944
0.26918
0.32873
0.48972
0.2918
1.1524
0.5295
0.61308
0.4063
0.43574
0.11147
0.43163
0.50719
0.59282
0.55627
0.28654
0.36314
0.84404
0.85275
0.81482
0.25504
0.72864
0.62267
0.14146
0.64503
0.70297
0.64828
0.59006
0.56017
0.57352
0.10893
0.7246
0.27446
1.0345
0.93134
0.70657
0.62947
0.4909
0.72888
0.41239
0.077636
0.12469
0.68819
0.35649
0.43188
0.27772
0.94135
0.27709
0.05664
0.4856
0.54746
0.38559
0.38308
0.88485
0.54559
0.52137
0.45463
0.27881
0.44347
0.51233
0.19758
0.87614
0.62263
0.24271
0.58526
0.43049
0.50109
0.28474
0.50387
0.47438
0.4008
0.34248
0.15553
0.24293
0.29739
0.72762
0.66534
0.57617
0.17533
0.39118
0.66842
0.34548
0.78768
0.53375
0.23405
0.39469
0.17306
0.79702
0.79468
0.2409
0.7207
0.2493
0.74531
0.52329
0.6769
0.37617
0.01071
0.66404
0.5287
0.57114
0.60394
0.25857
0.50454
0.6639
0.41516
-0.11902
0.79769
0.51514
0.37994
0.41405
0.60556
0.27118
0.73159
0.89867
0.67621
0.94133
0.72272
0.23085
0.22661
0.76084
0.52779
0.9176
0.51664
0.83448
0.71217
0.26515
0.082567
0.54078
0.84224
0.1549
0.42292
0.41256
0.90263
0.73002
0.85775
0.43282
0.98799
0.3468
0.56818
0.4685
0.37654
0.83571
0.52622
0.83675
0.81727
0.33111
0.16791
0.3049
0.43755
0.46947
0.50609
0.088389
0.46344
0.5724
0.76532
0.7323
0.73158
0.61951
0.44015
0.29217
0.59622
0.56143
0.74409
0.24389
0.85795
0.15659
0.092128
0.6546
0.90238
0.41947
0.64582
0.47958
0.081541
0.6448
0.67118
0.33371
0.73074
0.4749
0.92211
0.58266
0.51788
0.65405
0.20646
0.63536
0.84725
0.62954
0.89821
0.50563
0.77379
1.0419
0.41905
0.08473
1.1825
0.64749
0.57792
0.41721
0.46351
0.42262
0.78862
0.39869
1.0966
0.12489
0.31404
0.52443
0.95948
0.91258
1.0423
0.38898
0.54148
0.79456
0.52289
0.54042
0.18837
0.56974
0.53816
0.61901
0.52321
0.43639
0.52979
0.67689
0.40527
0.1928
0.87184
0.37286
0.55464
0.63885
0.64899
0.2098
0.0072286
0.37907
0.35631
0.7485
0.48195
0.67285
0.349
0.3809
0.49032
0.096884
0.65718
0.29921
0.37043
0.2399
0.83459
0.60319
0.40602
0.024356
0.81554
0.55814
0.13886
0.058542
0.3588
0.41292
0.19561
0.66643
0.60393
0.11454
0.485
0.48108
0.55199
0.3683
0.54207
0.74829
0.25858
1.0444
0.45733
0.39229
0.81935
0.36903
0.69274
0.10299
0.49609
0.50099
0.097228
1.1241
0.80657
0.16144
0.24169
0.36958
0.60858
0.43379
0.79538
0.4495
0.49029
0.69738
0.57655
0.36543
0.33985
0.57739
0.8333
0.4391
0.46311
1.0857
0.61304
0.26113
0.4366
0.26903
0.37839
0.22563
0.50067
0.55246
0.51288
0.53625
-0.015187
0.66609
0.73033
0.72005
0.62121
0.60894
0.65639
0.46673
0.29843
0.33932
0.68797
0.5278
0.10483
0.07745
0.36101
0.47693
0.32883
0.17926
0.39088
0.44454
0.53538
0.47492
0.1799
0.30199
0.58985
0.32964
0.71477
0.38245
0.3415
0.053633
0.62156
0.67549
0.68837
0.94982
0.26256
0.60687
0.20804
0.14954
0.4418
0.42609
0.38928
0.48339
0.50997
0.67327
0.43662
0.3687
1.1015
0.44705
0.9237
0.72521
0.25898
0.78303
0.29957
0.61343
0.69891
0.52136
0.56906
0.6499
0.92868
0.44204
0.68809
0.62765
0.26791
0.81252
0.18567
0.14834
0.23757
0.68452
0.46636
0.69698
0.66728
0.33722
0.78521
0.60701
0.29139
0.6358
0.5072
0.74415
0.5079
0.80085
0.35503
0.56038
0.5294
0.60994
0.75008
0.24161
0.24773
0.84885
0.71902
1.0569
0.92048
0.49419
0.40278
0.36396
0.14232
0.57316
0.25237
0.26967
1.0083
0.50793
0.76237
0.42286
0.95524
0.71787
0.88033
0.28265
0.22579
0.4755
0.5042
0.57247
0.76281
0.34843
0.35162
0.33908
0.75766
0.78407
0.8801
0.54906
0.53767
0.56497
0.25085
0.30989
0.65012
0.24718
0.23402
0.43474
0.3872
0.53783
0.47918
0.85476
0.51529
0.72039
0.14966
0.40656
0.43551
0.43863
0.26048
0.6347
0.55199
0.51414
0.28196
0.54831
0.60186
0.29923
0.38877
0.6983
0.4194
0.47469
0.56288
0.4565
0.36257
0.6366
0.042486
0.74208
0.67593
0.24051
0.73794
0.048867
0.66609
0.73219
0.29165
0.34113
0.32411
0.2843
0.21585
0.35498
0.59996
0.16217
0.52519
0.259
0.84153
0.75077
0.30442
0.24623
0.34003
0.53244
0.62625
0.28403
0.43279
0.56644
0.67257
0.10823
0.57053
0.32741
0.69913
0.23771
0.37661
0.78881
0.69692
0.53305
0.49725
0.26462
0.67503
0.48126
0.93565
0.46443
0.33638
0.40528
0.52395
0.18701
0.74899
-0.12516
0.65311
0.59735
1.0389
0.61307
0.5022
0.44664
0.48964
0.50266
0.20026
0.71168
0.73349
0.76704
0.50288
0.52774
0.45113
0.89479
0.33247
0.33716
0.023901
0.6673
0.5633
0.60508
0.53729
0.43629
0.47369
0.44687
0.39859
0.48073
0.30967
0.44344
0.88305
0.81302
0.3944
0.62345
0.71076
0.80581
0.35521
0.2787
0.55051
0.28496
0.72898
0.50156
0.63883
0.26075
0.82362
0.20803
0.75726
0.38387
0.56744
0.91044
0.35846
0.58647
0.5006
0.0095839
0.67316
0.82489
0.55653
0.59962
0.99165
0.81869
0.28861
0.6809
0.44524
0.64568
0.36592
0.85683
-0.06607
0.47675
0.17792
0.47069
0.61559
0.76556
0.82923
0.51891
-0.018379
0.67733
0.41902
0.63162
0.61165
0.66789
0.5677
0.38857
0.38496
0.99959
0.010924
0.41198
0.37463
0.55302
0.55104
0.96652
0.32867
0.56352
0.5896
0.12798
0.43822
0.53933
0.22064
0.23617
0.24829
0.38349
0.63449
0.204
0.59754
0.62231
0.27947
0.58242
0.64074
0.87824
0.06167
0.44453
0.20178
0.71821
-0.016688
0.28582
0.2512
0.71418
0.28348
0.54822
0.66416
0.46316
-0.0067241
0.39663
0.8132
0.72228
0.243
0.52428
0.24953
0.54874
0.93275
0.63054
0.38126
0.64643
0.62908
1.0405
0.20679
0.72396
0.40451
0.1987
0.20915
0.96144
0.079049
0.41211
0.38151
0.80451
0.62923
0.93768
0.28533
0.48609
0.21832
0.81183
1.0584
0.79246
0.37449
0.50772
0.46443
0.61117
0.22903
1.0629
0.67594
0.5756
0.29336
0.60105
0.66221
0.39769
0.49602
0.12143
0.32131
0.52558
0.36579
0.37501
0.89475
0.31675
0.53618
0.34204
0.52189
0.14624
-0.11942
1.1894
0.31545
0.50766
0.83504
0.50559
0.39424
0.48643
0.22145
0.85466
0.29586
0.51405
0.38022
0.6291
0.25164
0.70887
-0.028913
0.41616
1.1365
