3.3277
2.2912
2.4382
2.4942
2.2922
3.0781
3.5003
3.058
2.1875
2.9582
3.279
2.7391
2.6416
2.32
2.9391
3.0427
3.0781
2.5123
3.1491
2.4305
2.957
2.2806
3.1563
2.2645
3.3337
2.2335
3.3304
3.1758
2.4309
2.3668
2.1391
2.4078
2.3476
2.1832
3.3966
2.2003
2.3487
2.2968
2.6042
2.6689
2.3762
3.0065
3.3599
2.3409
3.0574
3.3042
2.3087
3.2387
2.4112
3.1931
2.1328
2.318
2.9894
3.2008
3.0518
2.4617
3.1536
2.0396
2.6911
3.0737
2.4601
3.3878
2.129
2.5364
2.4667
1.9451
2.4985
2.5182
3.0382
3.2832
3.375
3.2255
3.0438
3.1241
2.8567
2.9213
2.4578
2.4649
2.9789
1.9989
2.3778
2.6547
2.406
2.3508
2.5815
2.2952
2.3536
2.7692
3.2641
2.9004
2.2011
3.4037
3.0786
2.019
2.4818
3.1366
3.2461
2.1952
1.9933
2.3756
3.2388
3.0975
2.8432
2.4949
3.3453
2.2036
2.5784
2.8856
3.053
2.7348
2.61
2.7947
2.7077
2.4995
2.9464
2.8704
2.9189
2.1545
3.3088
3.1351
3.0003
2.4723
1.9897
2.2665
2.456
2.5962
3.4484
2.1615
2.7961
3.167
2.4599
2.0788
3.0977
2.5042
3.2596
2.5287
3.3028
2.8501
2.4684
3.0828
2.329
2.8792
3.4579
3.1935
2.9368
2.4397
2.0425
2.7015
2.149
2.5087
3.057
2.9396
2.5166
2.0967
3.1042
2.1291
2.3934
2.2525
2.3585
3.3058
2.2197
2.303
2.3339
2.4861
2.2985
2.3923
2.4448
2.5577
2.2494
2.3408
2.8035
2.3963
3.3848
3.212
2.5697
2.9831
2.4255
2.8751
3.0185
2.4379
2.9601
2.2192
2.98
2.2786
2.4096
2.6708
3.1874
3.246
2.0844
3.5097
2.5174
3.0063
2.3377
3.164
2.4016
2.4475
3.0109
2.9403
2.3316
3.3311
2.916
2.1065
3.1539
3.3988
2.4439
2.9856
3.0396
2.3355
2.7271
3.1639
2.1812
3.1118
2.9658
2.4476
2.8076
2.8958
2.566
3.3523
3.5889
3.3264
1.9733
3.0407
3.7341
3.02
3.2142
2.113
2.49
2.1723
3.3005
2.662
2.5124
3.0614
2.2768
2.3905
2.5778
2.7348
3.1753
2.9494
3.3878
1.9647
2.1204
3.1726
3.2878
2.3249
2.9301
2.6319
3.5826
2.6221
2.3886
3.1746
3.2294
2.2936
2.3272
3.1986
2.3136
2.4066
2.278
3.0642
3.077
3.0125
2.2453
2.5643
3.4244
3.1456
2.811
2.2722
2.9465
3.1862
2.565
2.7225
2.0316
2.1488
3.0505
3.204
3.0992
2.0648
3.0296
2.192
3.2758
1.9743
2.5337
3.08
1.9602
3.2101
2.3148
3.1327
2.4048
3.2676
2.5334
2.2826
2.5241
2.7926
2.4316
2.5287
2.9736
2.3351
2.2785
2.233
2.5637
3.4097
3.1662
3.4365
3.0959
2.307
3.1157
3.1293
2.3214
2.5239
3.2105
3.2804
2.159
2.4425
2.9341
3.2629
2.8688
2.9827
3.3109
3.3431
2.7171
3.0765
3.0082
2.9802
2.2592
2.9923
2.1608
2.5848
2.4774
2.4098
2.5453
3.3488
2.2951
2.3949
2.2575
3.1106
2.6244
2.8714
3.3009
2.4023
2.4967
2.4349
2.5575
3.2274
2.5
2.5075
2.9795
2.7068
3.1665
2.6415
2.3174
3.1065
2.7493
2.4261
2.2162
2.4538
3.0464
2.4901
3.0467
3.5145
3.4196
3.2044
2.4249
3.3989
3.1317
2.2145
2.2638
2.6885
2.3029
3.2636
2.3553
3.0962
2.1072
2.584
3.4986
2.6303
3.1966
2.5633
3.1026
3.0758
2.6765
3.1178
2.7718
3.4013
2.5748
3.2343
3.4082
2.0513
2.2819
3.0944
2.8933
2.47
2.5826
2.7485
2.4444
3.2733
2.1234
3.1165
2.4645
3.0749
2.0314
3.0969
3.0827
3.5211
2.6021
2.3471
3.2436
2.2431
2.674
2.2703
2.477
3.2408
2.0985
2.3776
2.4753
3.0154
2.8085
2.1307
3.4583
2.3111
3.3919
3.18
2.966
2.6193
2.8253
2.8488
2.3161
3.0111
3.3273
3.1546
3.5104
3.141
3.298
1.9372
3.0676
2.9207
2.7351
2.9841
2.3962
3.1935
3.2923
2.2488
2.546
2.3309
3.291
2.2545
3.019
2.4237
2.422
1.9655
3.3479
3.0376
2.5961
2.0563
3.2862
3.3391
2.1273
3.5145
2.9423
3.4623
3.1069
2.4372
2.5244
3.471
2.3449
3.194
2.2859
2.5026
3.095
3.1295
3.3316
2.8323
2.524
2.6468
3.3401
2.6342
2.3244
2.9808
2.1688
2.1727
2.0656
3.4064
2.1621
3.0278
2.2358
3.2015
2.3977
2.8143
3.4094
2.9363
3.0405
2.0352
2.3234
2.4368
3.2165
3.0873
3.2024
3.1195
2.7609
3.1227
3.1759
1.9671
2.1415
2.6932
2.987
2.9703
2.9226
3.0437
3.218
2.8134
3.2647
3.4787
3.0658
3.157
3.4502
2.3921
2.2892
3.4315
3.1533
2.6406
3.2542
3.427
3.0229
2.3823
2.4993
2.2935
2.9527
3.2799
3.2091
2.5275
3.1937
3.04
2.2925
2.3079
3.1743
2.358
2.2352
3.1841
2.3999
2.3539
3.2683
3.1378
2.9743
2.1932
2.2628
2.5991
2.4393
3.3793
2.0999
3.17
3.0523
2.9512
3.1459
2.3606
2.6106
2.6317
3.1388
2.7341
2.1979
3.0501
2.2185
2.9879
2.3924
3.3774
3.3947
3.2064
2.5114
3.5242
2.8111
2.5249
3.0012
3.1078
3.3398
2.7286
3.2787
2.273
2.1471
3.2447
3.2334
2.7295
3.2437
3.3795
2.5192
3.1677
3.1809
3.0321
2.4885
2.6299
2.8688
2.0375
2.4351
3.4552
2.113
2.4995
2.406
3.1429
2.3951
3.333
2.5088
2.4244
2.1172
3.3054
2.1585
2.9405
3.439
3.4528
2.0379
2.1734
3.054
2.6139
2.3129
2.6086
3.0909
3.0328
2.125
3.3906
3.6535
2.5247
3.2833
3.0579
2.3744
3.1214
2.9457
2.2676
2.304
2.2044
3.1062
3.1197
2.27
3.1995
3.2466
3.0208
2.5647
3.0097
3.075
3.0279
2.2935
2.2093
3.4234
3.0491
3.1433
3.0055
2.3071
3.1594
2.9319
2.4967
2.3611
3.0845
3.083
3.4316
3.4367
2.4104
2.3378
2.2905
3.1676
3.3388
3.1452
3.2887
3.3652
3.1056
2.4404
3.1265
2.8669
2.2595
2.4938
3.0611
2.3102
2.3116
2.7182
2.9196
2.4491
3.173
2.5035
3.1203
3.1698
2.2591
2.4398
3.1605
3.0419
3.1439
3.2642
3.1555
2.9463
2.3762
2.2707
2.3268
2.0972
1.9683
3.5514
2.057
2.6308
2.2312
3.2036
2.0463
3.063
2.6979
2.1773
2.194
3.226
2.0939
3.2307
3.1205
3.2411
3.1134
1.996
3.3216
2.6805
2.2224
2.1967
3.0683
2.5775
3.3937
3.5117
2.5837
3.1703
2.5077
2.1495
3.2627
2.5221
3.3154
3.1555
2.4085
2.1241
3.2403
2.3999
3.0014
2.5214
2.9697
2.961
2.4522
3.3207
3.2262
2.436
2.3841
2.4258
2.2853
2.3092
2.8447
2.2936
2.9227
3.1616
2.3872
3.2683
2.0466
3.3104
2.3044
2.3156
2.3611
2.7017
2.5571
3.0756
3.0576
3.0353
2.3506
2.0443
2.3581
2.2405
2.312
2.3953
2.2049
2.0979
2.5889
2.4936
2.5963
3.2399
2.7717
3.1646
2.3263
2.6395
2.6771
3.4145
3.0946
2.2987
2.691
2.7229
2.6085
3.3831
3.1818
2.2778
2.9461
2.4426
3.792
2.9722
2.2982
2.6365
3.2382
2.2414
3.3548
1.9385
2.052
2.472
2.261
3.0675
3.1288
2.272
3.0516
3.1285
3.3474
2.1148
3.5093
3.1245
2.0634
2.6005
2.4788
2.5413
2.3451
3.2389
2.5815
2.1809
2.075
3.3506
3.1689
3.0732
2.2185
2.4382
3.3072
3.3042
2.4444
2.9103
3.391
2.2883
3.0384
2.4457
2.2081
2.328
3.0054
3.0894
2.7187
2.4739
2.9393
3.2515
2.172
3.379
2.9472
2.6997
3.1337
2.3309
2.244
3.1294
3.1925
2.2796
2.687
3.2435
2.572
3.0997
2.2757
3.3209
2.1949
3.1173
2.4699
2.2791
3.1008
3.1761
3.0681
2.3133
3.1015
2.1162
2.3693
2.5711
3.368
3.2853
2.6782
2.5533
2.0492
3.1327
3.1477
3.2705
3.1606
2.2429
2.9821
3.3087
3.2433
3.255
2.2904
2.6116
2.9041
2.1331
3.1351
3.2881
3.1331
2.2979
2.3047
3.0689
2.1959
3.2154
2.2266
3.0464
2.177
2.3016
2.9344
3.1935
2.3416
3.1868
2.2721
3.2344
2.1526
2.4238
2.3746
2.8167
3.128
3.3897
3.6588
2.2424
2.995
3.3396
2.874
2.3747
2.3856
2.4794
2.875
2.9955
2.4043
2.9219
3.2409
2.2279
3.0511
2.803
3.3572
2.3803
2.2079
2.6283
3.0025
2.7853
2.7347
2.493
3.4296
3.084
3.3135
2.2314
2.2604
3.2743
3.1382
2.2933
3.2902
3.0633
2.559
3.0728
2.3801
2.1052
2.452
2.2488
2.3137
3.2766
2.7399
2.1099
2.1723
3.0122
2.1798
2.1035
2.5679
2.4764
3.0211
2.2571
2.2604
2.591
2.2924
3.3137
3.228
2.4428
2.865
2.2494
2.8174
2.4245
3.0412
3.1877
2.1377
3.0211
3.1702
3.0002
3.2014
1.8649
2.4098
3.2296
2.4669
2.5344
2.3972
2.4824
2.9767
3.0416
2.2437
2.0916
3.3312
2.7046
2.7906
2.647
3.4371
2.7573
3.0938
3.3619
3.1709
3.1646
2.2018
2.4163
3.5358
2.9684
2.2818
3.0119
2.1916
2.545
3.1169
3.1427
2.3473
