0.61395
0.59063
0.0084606
0.54757
0.9508
0.35784
0.86792
0.55542
0.28235
0.81341
0.39255
0.49262
0.24815
0.82989
0.97868
0.28028
0.43685
0.62382
0.77053
0.32488
0.8461
0.77468
0.51034
0.7198
0.5395
0.5126
0.99719
0.48867
0.65637
0.8401
0.88029
0.48664
0.86165
0.47382
0.51285
0.4633
0.057565
0.47625
0.39927
0.69129
0.49806
0.48835
0.071642
0.49615
0.35699
0.6864
0.36939
0.097725
0.49468
0.5263
0.087616
0.66611
0.20288
0.5884
0.63397
0.60867
0.98826
0.55387
0.51462
0.25515
0.84934
0.72444
0.0039704
0.45698
0.23576
0.48447
0.514
0.2585
0.41486
0.57126
0.67492
0.42101
0.65944
0.40265
0.44307
0.08948
0.98169
0.12883
0.4858
0.74929
0.4804
0.39628
0.20949
0.42245
0.58904
0.54777
0.45682
0.29091
0.30341
0.065119
0.24751
0.89587
0.41781
0.78137
0.19305
0.49508
0.54829
0.85078
0.90714
0.19113
0.58139
0.40814
0.21646
0.32135
0.3856
0.93711
0.14097
0.38922
0.94981
0.287
0.40358
0.32313
0.67559
0.6885
0.45461
0.75927
0.60145
0.34145
0.38031
0.35115
0.37898
0.75657
0.30092
0.84446
0.53579
0.52792
0.22971
0.41721
0.44214
0.50114
0.41814
0.43911
0.3019
0.5401
0.97722
0.08359
0.47198
0.36912
0.05907
0.053615
0.11326
0.10124
0.99159
0.87868
0.99977
0.56992
0.56037
0.41618
0.68696
0.80498
0.97373
0.83691
0.56049
0.94878
0.26997
0.50298
0.43254
0.42205
0.46463
0.68269
0.12659
0.17999
0.030321
0.22799
0.61515
0.053157
0.14301
0.30378
0.80624
0.031544
0.59507
0.4927
0.11263
0.72423
0.27592
0.37673
0.57334
0.61244
0.16584
0.56063
0.44101
0.27818
0.41968
0.24334
0.18818
0.68624
0.83667
0.42392
0.56111
0.035403
0.64584
0.51869
0.2954
0.15001
0.56501
0.54698
0.95496
0.29188
0.83516
0.48189
0.66335
0.83705
0.54901
0.24625
0.46191
0.66617
0.72857
0.70691
0.83497
0.49355
0.59688
0.81655
0.027113
0.4633
0.4634
0.89991
0.35762
0.46626
0.29685
0.29184
0.98221
0.54798
0.425
0.45579
0.35235
0.054973
0.62443
0.16499
0.57311
0.37863
0.27749
0.46456
0.41367
0.56571
0.56066
0.50375
0.075819
0.020003
0.44586
0.34535
0.79009
0.39679
0.53895
0.66482
0.16694
0.46107
0.29774
0.19867
0.11789
0.45883
0.035147
0.21353
0.4354
0.30412
0.79922
0.31571
0.72285
0.60045
0.54133
0.48891
0.80597
0.47398
0.61956
0.20797
0.81237
0.58078
0.1371
0.51304
0.13647
0.48591
0.31508
0.38579
0.61591
0.39272
0.28395
0.23903
0.28673
0.094498
0.61262
0.43931
0.55457
0.50276
0.83944
0.43681
0.31016
0.48604
0.1794
0.060572
0.21653
0.55597
0.52303
0.44745
0.52178
0.49071
0.58058
0.76933
0.97315
0.56502
0.47235
0.31159
0.55043
0.42868
0.401
0.40413
0.5943
0.39393
0.091964
0.021575
0.16363
0.65626
0.58564
0.39884
0.9359
0.60247
0.47298
0.028124
0.5609
0.82827
0.67813
0.82995
0.027145
0.8491
0.42916
0.41543
0.883
0.00665
0.46157
0.57796
0.4544
0.15365
0.5101
0.48738
0.32745
0.89438
0.15996
0.53655
0.32711
0.55327
0.11435
0.49419
0.57913
0.9704
0.066588
0.23736
0.57367
0.46062
0.61558
0.86542
0.36584
0.6703
0.43231
0.52855
0.60088
0.61703
0.51249
0.9317
0.61918
0.77583
0.35929
0.62496
0.41926
0.58061
0.44556
0.75836
0.12569
0.83714
0.14539
0.18701
0.79255
0.47872
0.40591
0.45264
0.51132
0.40551
0.44561
0.74277
0.48297
0.13083
0.49024
0.02499
0.15095
0.43071
0.4672
0.21681
0.78258
0.64408
0.14833
0.016429
0.58642
0.64604
0.64623
0.5811
0.25503
0.82594
0.25743
0.93622
0.29762
0.82534
0.58923
0.097711
0.2077
0.4153
0.67836
0.30587
0.092154
0.64273
0.86598
0.10509
0.66057
0.45064
0.073786
0.75595
0.55617
0.44909
0.95236
0.53076
0.96523
0.45146
0.21532
0.71716
0.018594
0.28639
0.2113
0.70512
0.7123
0.5278
0.24672
0.87353
0.21777
0.48038
0.707
0.70331
0.37425
0.79131
0.95148
0.58636
0.50929
0.91699
0.56105
0.30249
0.44932
0.59893
0.36161
0.80745
0.79462
0.52996
0.5021
0.98592
0.44204
0.43706
0.11988
0.70244
0.45255
0.60871
0.47599
0.29082
0.34645
0.92797
0.77876
0.48824
0.62125
0.66864
0.63481
0.19971
0.52127
0.39331
0.53076
0.41161
0.63148
0.050872
0.87026
0.01498
0.4318
0.16931
0.65548
0.56119
0.35954
0.56803
0.011251
0.085545
0.99271
0.16724
0.05548
0.47777
0.38127
0.44674
0.46407
0.9371
0.46913
0.91033
0.52855
0.16265
0.74645
0.42787
0.49381
0.49771
0.057283
0.60828
0.63278
0.3777
0.55761
0.31025
0.27017
0.87514
0.0023326
0.56254
0.45124
0.035861
0.54935
0.40888
0.38078
0.95398
0.083455
0.24112
0.77852
0.57791
0.55574
0.51012
0.56937
0.31228
0.58649
0.20783
0.62747
0.53718
0.37944
0.75207
0.85561
0.24669
0.76532
0.69993
0.11685
0.83492
0.40303
0.60836
0.451
0.66566
0.55738
0.38033
0.36233
0.40546
0.54328
0.52626
0.6313
0.4587
0.5356
0.31674
0.32609
0.54022
0.27187
0.42702
0.33903
0.42373
0.95496
0.4586
0.79446
0.68471
0.91266
0.38755
0.39084
0.0062514
0.57068
0.2179
0.50684
0.15476
0.48421
0.60225
0.67438
0.53647
0.85537
0.73775
0.52352
0.62212
0.443
0.52855
0.36169
0.79156
0.51424
0.71241
0.53867
0.077308
0.94219
0.55252
0.55314
0.4401
0.54257
0.66862
0.56199
0.50059
0.43808
0.16201
0.43463
0.064618
0.66669
0.57465
0.79575
0.3712
0.60649
0.77415
0.634
0.55491
0.99038
0.82543
0.95158
0.5878
0.85666
0.25464
0.087785
0.98094
0.76769
0.14937
0.34158
0.16122
0.39339
0.49461
0.58619
0.44989
0.51573
0.82655
0.42319
0.58999
0.62049
0.56472
0.86161
0.31304
0.6344
0.074498
0.54191
0.77995
0.27621
0.56531
0.97511
0.019607
0.46668
0.4963
0.39566
0.75233
0.70805
0.17105
0.1465
0.35395
0.19985
0.58838
0.95648
0.16762
0.91614
0.40467
0.98842
0.68148
0.38498
0.41537
0.042792
0.45651
0.98416
0.5152
0.67537
0.81097
0.40911
0.66745
0.76453
0.53202
0.049214
0.95646
0.7523
0.28151
0.5259
0.36766
0.52618
0.35518
0.65289
0.47702
0.84179
0.42626
0.44423
0.79736
0.28818
0.95967
0.51055
0.45792
0.36193
0.9368
0.67235
0.17922
0.57757
0.44792
0.35108
0.64105
0.4956
0.50583
0.64975
0.33379
0.52269
0.26037
0.6494
0.44756
0.72626
0.15501
0.36486
0.72293
0.63374
0.024461
0.27508
0.10156
0.055592
0.48057
0.45047
0.38592
0.46362
0.18716
0.58346
0.45222
0.099564
0.1743
0.26521
0.55306
0.34006
0.51812
0.49505
0.025815
0.65954
0.6256
0.70344
0.60803
0.28418
0.57254
0.45569
0.48735
0.018648
0.72554
0.8727
0.39062
0.52998
0.29254
0.83887
0.27906
0.53664
0.79838
0.15959
0.3074
0.49356
0.24196
0.64237
0.61591
0.57813
0.58867
0.82166
0.04201
0.52696
0.34955
0.35272
0.83432
0.98761
0.48544
0.33134
0.3048
0.042556
0.094283
0.91018
0.46455
0.77086
0.19531
0.28135
0.34375
0.92306
0.13285
0.079546
0.84469
0.48197
0.44269
0.60082
0.47125
0.56149
0.094234
0.28864
0.20804
0.77629
0.26476
0.71676
0.16686
0.75383
0.1563
0.29391
0.86385
0.55477
0.65075
0.91282
0.68832
0.57499
0.85877
0.54581
0.33718
0.59575
0.94127
0.068644
0.32543
0.15551
0.1287
0.32395
0.33603
0.81086
0.41869
0.62095
0.85318
0.45505
0.59178
0.19633
0.43725
0.785
0.8626
0.37593
0.32288
0.48495
0.67786
0.52845
0.38784
0.042463
0.44226
0.32442
0.6122
0.44056
0.70694
0.00090113
0.79192
0.50719
0.94158
0.65431
0.59204
0.57347
0.44604
0.25084
0.089216
0.43544
0.39826
0.90036
0.46074
0.59267
0.61722
0.32682
0.29609
0.89623
0.64171
0.56943
0.60822
0.29806
0.3671
0.59116
0.020099
0.77334
0.47422
0.4198
0.37085
0.45782
0.16761
0.30651
0.23751
0.94976
0.70761
0.51901
0.51329
0.34727
0.076428
0.91854
0.5887
0.58898
0.4915
0.2885
0.10184
0.56353
0.44856
0.53087
0.71755
0.4856
0.41016
0.97566
0.45844
0.5498
0.93589
0.24674
0.40798
0.58539
0.45415
0.40284
0.52552
0.74253
0.12017
0.91944
0.81628
0.60184
0.8545
0.53576
0.46625
0.54937
0.35593
0.10402
0.17419
0.19395
0.46147
0.0095235
0.36724
0.81571
0.50198
0.4857
0.71809
0.53878
0.51905
0.0052506
0.48777
0.40678
0.94395
0.37074
0.11647
0.048988
0.46161
0.42384
0.38904
0.30748
0.72119
0.42902
0.62745
0.2188
0.021473
0.46501
0.84004
0.11259
0.36356
0.55064
0.7128
0.75463
0.28706
0.56546
0.39492
0.55448
0.63258
0.47301
0.47221
0.52977
0.55593
0.11743
0.12344
0.88296
0.33244
0.47233
0.24527
0.17543
0.42544
0.017183
0.38792
0.39669
0.48681
0.45956
0.6366
0.84278
0.32516
0.51451
0.67891
0.082289
0.6015
0.63255
0.24314
0.70871
0.85859
0.23233
0.87193
0.16561
0.79597
0.5316
0.59965
0.53976
0.15815
0.76404
0.59099
0.76708
0.41586
0.044211
0.0027159
0.55339
0.83531
0.63702
0.69324
0.97189
0.81984
0.48142
0.14192
0.52694
0.43561
0.9975
0.35787
0.071361
0.48218
0.36394
0.064003
0.64054
0.71748
0.55375
0.86352
0.83712
0.48805
0.21666
0.28391
0.7727
0.89819
