1.9518
3.1459
5.8798
4.3528
1.7707
3.456
5.6831
2.7084
2.9686
3.7884
3.3352
2.7222
4.1234
2.7982
5.2112
1.805
4.9191
1.9969
5.3477
4.1769
1.7515
4.0578
5.8552
5.461
4.9056
4.3192
2.2439
3.8379
2.7523
5.0778
2.9637
5.2997
2.9234
2.2226
5.4167
5.9718
4.4664
4.6438
3.3471
6.0626
1.9507
1.7936
5.3642
5.4722
4.0879
1.6854
3.6496
4.9347
2.5985
2.5718
4.5303
3.4236
4.6658
1.7496
3.8861
2.867
5.1163
6.2043
1.6074
5.1955
3.0741
3.7803
3.8228
3.5918
4.1938
6.2209
3.0309
4.9447
3.7342
3.4842
5.5604
3.271
5.5532
5.4679
4.3417
2.7241
3.5746
5.1371
5.1547
3.9769
3.7086
4.0308
2.0841
2.376
3.5611
5.9253
3.0869
2.3402
3.6598
5.105
3.7546
4.4095
3.5727
5.0317
2.3656
3.6124
5.1079
5.926
1.8983
4.2698
2.3172
5.552
3.5279
1.8827
1.6279
4.4274
4.9835
4.7432
4.7151
2.5453
6.2749
5.1772
1.6567
2.0093
5.4056
5.7573
1.5796
4.0743
4.243
4.2872
2.2411
3.4439
1.6447
6.0521
2.5552
1.7077
5.8068
3.0108
1.9546
4.4188
4.8507
5.5238
1.977
4.9023
5.7815
5.7585
5.3373
4.7688
5.1907
4.619
3.1746
3.8836
2.5801
4.5112
1.8401
4.2291
2.6654
3.4757
4.314
4.176
1.8498
5.687
3.0834
4.5899
1.9882
3.6007
3.2058
2.3049
2.4602
4.7533
6.1988
4.1166
1.9716
5.9546
3.114
5.3318
3.1899
2.5172
2.4418
3.7987
2.3685
6.0536
5.7524
4.94
5.5728
3.1051
5.0009
5.3774
5.4613
5.0597
6.1991
2.6597
5.4485
3.2567
2.4595
5.6522
5.9232
5.7322
3.7003
3.7777
2.1702
2.2638
1.8686
4.1118
6.0026
4.9868
2.6016
4.9843
2.1236
1.783
3.1604
2.2275
4.7073
3.0147
5.8158
3.3861
5.9971
1.6067
6.0844
3.2439
5.8554
3.4179
2.2021
5.0504
6.1065
4.5415
1.8483
3.4978
2.0497
2.5717
3.5527
3.3838
5.6971
2.9736
4.4328
3.4884
2.3533
4.1047
4.317
4.6835
4.9775
5.8826
3.9488
4.1417
2.3498
4.0591
4.4766
3.7259
6.1654
1.9342
2.1304
4.6104
3.3118
2.7714
4.6181
2.9536
1.9263
2.7569
1.9978
3.8292
3.2206
3.5291
3.0258
2.9759
2.2964
5.3025
5.167
2.1251
2.8332
4.1722
2.7212
3.3987
5.3126
3.3634
5.607
4.6921
3.1851
1.8995
4.9578
4.7693
4.4007
2.1604
2.1874
5.1777
4.0328
3.2214
6.2044
5.136
2.9153
4.2413
6.2176
4.8881
2.3287
6.141
4.8946
4.1747
4.4333
1.9892
5.6281
5.6584
3.1676
5.7652
1.8646
4.2035
1.8192
2.1385
2.4254
2.0669
3.0629
2.7896
5.2765
5.9454
2.1809
3.3045
3.0461
2.0225
2.2706
3.9178
4.2386
1.6542
3.8767
2.2676
5.1414
5.0074
4.1075
1.7688
1.632
2.6839
4.2756
5.6431
3.6353
3.911
5.9925
4.6135
1.9138
2.1345
2.724
2.7806
4.4731
4.1085
4.1444
2.9319
3.9909
4.874
3.2324
6.2707
2.1312
3.727
2.331
4.1004
6.0442
3.1211
1.7203
2.3328
3.9734
1.6074
3.7603
3.8256
2.0115
5.9141
2.809
5.3369
2.1324
3.3266
2.5706
1.7806
4.5297
2.2337
3.7328
3.7301
4.4059
5.7856
5.873
5.2531
4.2087
3.6737
4.4489
4.1135
4.1286
3.8617
3.6556
2.3005
2.8511
2.9437
2.9359
5.5226
5.0662
3.5677
3.1858
2.5271
1.5982
3.8963
2.7347
3.8741
4.8266
5.6422
5.7814
2.1108
2.9891
2.3209
2.5466
4.0664
3.2827
5.4368
5.4083
2.642
3.1063
4.8898
3.4023
3.2696
1.9214
4.1336
3.5607
5.6409
3.7088
2.0185
5.8576
4.8316
2.4653
2.3554
2.1211
4.0846
4.4654
5.8411
4.861
5.0559
5.1976
2.5286
1.9529
2.5274
2.7641
4.5733
5.0847
5.1793
2.3366
2.028
6.242
3.1401
4.1418
1.8316
5.4174
6.1541
4.5234
4.9989
2.9477
4.5822
2.9057
4.4084
3.8808
2.9919
3.3624
1.6061
5.1566
4.898
6.1578
4.2577
3.4414
4.4113
4.6316
3.758
4.9155
5.6421
2.4758
5.4729
4.9474
4.5415
2.8598
2.4067
2.5373
4.6229
3.2716
2.5354
3.4298
3.7951
3.3851
3.4979
4.2315
3.1027
2.3641
5.9408
2.271
1.9664
5.4171
5.4101
5.8096
2.2463
6.1108
3.2978
2.6867
5.9931
5.1132
5.8184
3.498
6.2111
3.8801
3.2023
2.872
2.2703
4.5031
4.3843
3.3525
4.3992
5.5443
3.6367
4.28
3.6148
5.9332
2.0181
1.9238
4.7854
3.9113
3.6367
4.3598
6.2311
3.489
3.6958
5.0032
4.9187
5.8909
5.9975
2.092
1.7654
2.6859
3.8759
1.9507
3.7435
4.4745
4.1655
1.9387
4.7567
5.4597
4.75
3.3676
3.0203
5.0179
1.6722
6.1036
3.7002
3.1617
2.649
5.2057
5.0304
2.4028
5.3289
5.8159
5.5951
3.9788
3.3665
2.1518
2.241
4.4798
1.9469
3.147
3.2297
3.4993
4.0201
5.7826
4.57
2.5638
6.2715
4.2072
2.885
3.2673
3.9677
2.9768
4.2475
2.8416
1.634
5.5368
4.8461
1.8514
4.5258
2.0984
2.8612
4.5607
2.9056
2.0184
3.4224
1.9756
5.8611
3.1407
3.0927
4.2523
5.6845
3.8299
5.6848
5.713
6.0168
2.0382
3.2494
5.8458
5.5701
2.0936
1.6893
4.3771
3.875
1.7168
5.0665
2.8159
4.0484
3.8092
4.5899
6.2104
5.1103
4.4654
4.7231
5.2963
5.6918
4.7825
1.6957
2.4151
1.5884
6.0033
3.6832
5.5035
2.061
5.1119
2.3998
5.2578
6.2047
4.4873
2.8404
3.2969
1.6338
2.243
6.2493
4.9542
5.6543
5.7161
2.2335
5.7204
2.6037
2.1496
2.2841
5.3205
3.5883
4.3088
5.9988
4.0864
5.3388
4.9232
4.7775
2.5783
4.8722
1.8826
3.6507
5.1905
3.3554
5.5447
4.5593
1.7876
1.9658
2.9671
5.8075
5.3803
3.2372
4.9569
5.2819
3.5849
4.483
3.0538
3.3286
2.2145
5.2402
2.3269
3.3908
4.5746
2.8312
4.011
3.35
4.5611
3.6468
2.0788
4.913
5.9298
4.0542
2.4122
3.8196
4.363
3.1392
3.5426
5.3591
5.5155
2.3871
5.3598
4.9745
3.9517
2.2714
1.927
5.4876
5.3486
3.2471
3.2134
2.2253
3.0126
4.3588
3.8169
4.0001
4.1089
2.4817
4.6557
5.3368
4.7035
1.5763
4.9785
2.7205
2.7764
4.2309
1.9828
5.7494
1.7765
3.5997
5.5351
4.4012
4.1087
3.0288
2.8762
2.1381
1.9251
6.1717
5.8105
4.2512
5.6336
3.3007
3.7636
2.1548
3.1189
4.2849
3.953
5.3637
2.1433
5.4595
2.7352
3.0961
2.9316
5.2054
6.1382
6.1483
5.3032
3.2217
5.5827
6.282
4.1537
2.6297
2.692
4.1124
4.1351
2.8066
1.5859
2.1528
3.4766
1.7099
2.1201
5.5299
4.5077
5.5024
2.5921
5.8421
5.7568
4.9689
5.527
5.6144
5.9962
2.2066
5.2227
5.1726
1.6826
3.6672
3.7789
1.7005
5.8731
3.8659
4.1089
4.836
4.1135
6.1666
4.252
2.3371
4.0292
3.0413
2.8682
3.2827
5.1353
2.4494
3.4692
5.8608
1.5724
3.2177
3.676
2.7734
6.1635
3.1058
5.0342
5.8156
3.7454
2.9767
3.5275
4.9778
6.2738
3.2368
5.4145
6.0599
3.284
3.2331
2.0696
2.624
3.7964
2.9619
5.6401
4.1549
2.0463
4.1215
4.5289
2.8248
5.6834
4.7577
2.2911
4.1809
6.2031
2.6216
3.2512
2.7357
3.4029
4.95
5.409
5.8096
3.6037
1.9267
3.0096
2.0394
2.0642
6.1587
5.7778
4.5639
4.6172
5.7049
3.9922
4.2551
4.9147
4.4011
6.2805
4.9632
4.1414
4.6549
5.8527
2.5288
5.1139
3.2306
5.483
2.539
4.9811
4.2264
2.3052
6.1873
2.7921
5.3089
3.8164
6.2185
5.6882
5.1341
5.6931
1.7335
4.2462
5.7104
4.9792
2.3398
4.189
4.2519
3.7413
3.8952
5.684
2.4059
2.9062
4.6932
3.0171
5.7567
4.1807
4.0523
4.253
5.6273
2.6452
4.0899
2.1481
3.6169
4.3202
1.6742
3.846
6.0834
3.809
2.2587
5.3846
2.2963
4.1485
5.8998
6.1402
4.8237
5.3953
5.384
2.952
6.1973
5.4565
3.2084
2.5574
2.5861
3.0309
1.7851
4.1277
3.9924
5.6964
2.5046
3.2909
3.2871
2.6923
2.9439
3.979
4.0306
4.1348
3.2258
4.9497
3.9268
3.7935
4.0356
4.5595
4.258
3.7299
2.0132
2.0616
2.4179
3.2453
5.891
2.8643
2.6247
6.1948
6.0959
5.5044
6.2794
4.3307
2.0199
3.4464
2.023
5.471
4.6131
6.0493
2.0096
3.9658
5.7576
4.9067
5.7876
4.5321
1.5921
2.2329
5.9013
3.8778
2.0599
3.0619
3.7008
4.0122
1.7093
5.6173
1.7246
1.8434
5.2427
2.4181
4.2087
5.0021
5.1454
5.8827
2.1543
4.4419
4.2426
2.1114
5.1658
5.9055
6.2114
5.3164
4.0052
5.3679
4.0379
5.5742
2.9379
2.8852
5.8977
1.7893
5.9946
4.9091
5.504
6.0145
3.9004
3.5201
5.0867
4.8516
1.9815
6.2238
6.0021
4.1184
2.3506
2.8229
1.6087
3.2706
2.2901
3.9239
4.0018
6.0563
1.7964
3.7067
1.7817
1.7786
2.2027
2.0075
5.2986
